0.0
4.25
21.25
23.5
30.25
37.25
44.25
62.5
71.25
75.5
78.0
80.25
82.5
87.0
91.5
96.25
98.5
104.75
114.75
117.25
119.75
124.5
126.75
129.5
132.0
142.25
147.75
150.0
156.25
159.0
161.5
163.75
185.75
190.75
196.25
203.0
205.25
207.5
216.25
226.5
231.25
233.5
237.75
240.25
261.0
269.25
274.0
295.25
299.25
310.5
319.75
327.0
329.5
345.25
356.75
374.5
376.75
379.25
383.75
386.0
403.25
410.25
417.75
419.75
422.0
427.5
432.25
447.25
456.75
473.0
475.5
477.75
484.5
500.75
503.0
505.25
508.0
512.75
517.25
530.0
539.5
542.0
544.25
