0.0	0.0	0.0	1.0	NULL
0.0	2.0	2.15	1.0	tstay_cswitch
2.15	0.0	0.5	1.0	NULL
2.65	3.0	2.15	1.0	tswitch_cswitch
4.799999999999999	0.0	1.75	1.0	NULL
6.549999999999999	3.0	2.15	1.0	tswitch_cswitch
8.7	0.0	0.25	1.0	NULL
8.95	3.0	2.15	1.0	tswitch_cswitch
11.1	0.0	0.0	1.0	NULL
11.1	2.0	2.15	1.0	tstay_cswitch
13.25	0.0	0.0	1.0	NULL
13.25	2.0	2.15	1.0	tstay_cswitch
15.4	0.0	0.25	1.0	NULL
15.65	2.0	2.15	1.0	tstay_cswitch
17.8	0.0	0.25	1.0	NULL
18.05	1.0	2.15	1.0	tstay_cstay
20.2	0.0	0.25	1.0	NULL
20.45	3.0	2.15	1.0	tswitch_cswitch
22.6	0.0	0.25	1.0	NULL
22.85	3.0	2.15	1.0	tswitch_cswitch
25.0	0.0	1.25	1.0	NULL
26.25	2.0	2.15	1.0	tstay_cswitch
28.399999999999995	0.0	0.5	1.0	NULL
28.899999999999995	3.0	2.15	1.0	tswitch_cswitch
31.049999999999997	0.0	1.25	1.0	NULL
32.3	3.0	2.15	1.0	tswitch_cswitch
34.45	0.0	0.25	1.0	NULL
34.7	1.0	2.15	1.0	tstay_cstay
36.85	0.0	1.25	1.0	NULL
38.1	3.0	2.15	1.0	tswitch_cswitch
40.24999999999999	0.0	2.25	1.0	NULL
42.49999999999999	2.0	2.15	1.0	tstay_cswitch
44.64999999999999	0.0	0.5	1.0	NULL
45.14999999999999	1.0	2.15	1.0	tstay_cstay
47.29999999999999	0.0	0.25	1.0	NULL
47.54999999999999	3.0	2.15	1.0	tswitch_cswitch
49.69999999999999	0.0	0.25	1.0	NULL
49.94999999999999	1.0	2.15	1.0	tstay_cstay
52.09999999999999	0.0	0.25	1.0	NULL
52.34999999999999	3.0	2.15	1.0	tswitch_cswitch
54.49999999999999	0.0	0.25	1.0	NULL
54.74999999999999	3.0	2.15	1.0	tswitch_cswitch
56.899999999999984	0.0	0.75	1.0	NULL
57.649999999999984	3.0	2.15	1.0	tswitch_cswitch
59.79999999999998	0.0	0.25	1.0	NULL
60.04999999999998	2.0	2.15	1.0	tstay_cswitch
62.19999999999998	0.0	0.25	1.0	NULL
62.44999999999998	3.0	2.15	1.0	tswitch_cswitch
64.59999999999998	0.0	0.5	1.0	NULL
65.09999999999998	3.0	2.15	1.0	tswitch_cswitch
67.24999999999999	0.0	0.25	1.0	NULL
67.49999999999999	1.0	2.15	1.0	tstay_cstay
69.64999999999998	0.0	0.75	1.0	NULL
70.39999999999998	1.0	2.15	1.0	tstay_cstay
72.55	0.0	0.5	1.0	NULL
73.05	3.0	2.15	1.0	tswitch_cswitch
75.2	0.0	0.25	1.0	NULL
75.45	1.0	2.15	1.0	tstay_cstay
77.60000000000002	0.0	0.25	1.0	NULL
77.85000000000002	3.0	2.15	1.0	tswitch_cswitch
80.00000000000001	0.0	1.25	1.0	NULL
81.25000000000001	2.0	2.15	1.0	tstay_cswitch
83.40000000000002	0.0	0.75	1.0	NULL
84.15000000000002	1.0	2.15	1.0	tstay_cstay
86.30000000000004	0.0	0.5	1.0	NULL
86.80000000000004	3.0	2.15	1.0	tswitch_cswitch
88.95000000000003	0.0	0.5	1.0	NULL
89.45000000000003	2.0	2.15	1.0	tstay_cswitch
91.60000000000004	0.0	0.75	1.0	NULL
92.35000000000004	3.0	2.15	1.0	tswitch_cswitch
94.50000000000004	0.0	0.25	1.0	NULL
94.75000000000004	3.0	2.15	1.0	tswitch_cswitch
96.90000000000003	0.0	0.25	1.0	NULL
97.15000000000003	3.0	2.15	1.0	tswitch_cswitch
99.30000000000004	0.0	0.25	1.0	NULL
99.55000000000004	3.0	2.15	1.0	tswitch_cswitch
101.70000000000006	0.0	0.5	1.0	NULL
102.20000000000006	3.0	2.15	1.0	tswitch_cswitch
104.35000000000008	0.0	0.75	1.0	NULL
105.10000000000008	3.0	2.15	1.0	tswitch_cswitch
107.25000000000007	0.0	0.5	1.0	NULL
107.75000000000007	2.0	2.15	1.0	tstay_cswitch
109.90000000000008	0.0	0.0	1.0	NULL
109.90000000000008	3.0	2.15	1.0	tswitch_cswitch
112.05000000000008	0.0	1.25	1.0	NULL
113.30000000000008	3.0	2.15	1.0	tswitch_cswitch
115.45000000000007	0.0	0.25	1.0	NULL
115.70000000000007	1.0	2.15	1.0	tstay_cstay
117.8500000000001	0.0	0.25	1.0	NULL
118.1000000000001	3.0	2.15	1.0	tswitch_cswitch
120.2500000000001	0.0	0.25	1.0	NULL
120.5000000000001	3.0	2.15	1.0	tswitch_cswitch
122.65000000000009	0.0	0.25	1.0	NULL
122.90000000000009	3.0	2.15	1.0	tswitch_cswitch
125.0500000000001	0.0	1.0	1.0	NULL
126.0500000000001	3.0	2.15	1.0	tswitch_cswitch
128.2000000000001	0.0	1.5	1.0	NULL
129.7000000000001	3.0	2.15	1.0	tswitch_cswitch
131.8500000000001	0.0	0.25	1.0	NULL
132.1000000000001	3.0	2.15	1.0	tswitch_cswitch
134.25000000000009	0.0	0.0	1.0	NULL
134.25000000000009	2.0	2.15	1.0	tstay_cswitch
136.40000000000012	0.0	0.75	1.0	NULL
137.15000000000012	2.0	2.15	1.0	tstay_cswitch
139.30000000000013	0.0	0.25	1.0	NULL
139.55000000000013	2.0	2.15	1.0	tstay_cswitch
141.70000000000013	0.0	0.5	1.0	NULL
142.20000000000013	3.0	2.15	1.0	tswitch_cswitch
144.35000000000014	0.0	0.25	1.0	NULL
144.60000000000014	1.0	2.15	1.0	tstay_cstay
146.75000000000014	0.0	0.5	1.0	NULL
147.25000000000014	3.0	2.15	1.0	tswitch_cswitch
149.40000000000015	0.0	0.75	1.0	NULL
150.15000000000015	3.0	2.15	1.0	tswitch_cswitch
152.30000000000015	0.0	0.25	1.0	NULL
152.55000000000015	1.0	2.15	1.0	tstay_cstay
154.70000000000016	0.0	0.5	1.0	NULL
155.20000000000016	1.0	2.15	1.0	tstay_cstay
157.35000000000016	0.0	0.5	1.0	NULL
157.85000000000016	3.0	2.15	1.0	tswitch_cswitch
170.00000000000014	0.0	0.75	1.0	NULL
170.75000000000014	3.0	2.15	1.0	tswitch_cswitch
172.9000000000002	0.0	0.0	1.0	NULL
172.9000000000002	1.0	2.15	1.0	tstay_cstay
175.05000000000018	0.0	0.25	1.0	NULL
175.30000000000018	2.0	2.15	1.0	tstay_cswitch
177.4500000000002	0.0	0.5	1.0	NULL
177.9500000000002	2.0	2.15	1.0	tstay_cswitch
180.1000000000002	0.0	0.25	1.0	NULL
180.3500000000002	2.0	2.15	1.0	tstay_cswitch
182.5000000000002	0.0	0.25	1.0	NULL
182.7500000000002	3.0	2.15	1.0	tswitch_cswitch
184.9000000000002	0.0	0.25	1.0	NULL
185.1500000000002	3.0	2.15	1.0	tswitch_cswitch
187.30000000000018	0.0	0.5	1.0	NULL
187.80000000000018	3.0	2.15	1.0	tswitch_cswitch
189.95000000000027	0.0	0.0	1.0	NULL
189.95000000000027	3.0	2.15	1.0	tswitch_cswitch
192.10000000000028	0.0	0.25	1.0	NULL
192.35000000000028	1.0	2.15	1.0	tstay_cstay
194.50000000000026	0.0	0.5	1.0	NULL
195.00000000000026	3.0	2.15	1.0	tswitch_cswitch
197.15000000000026	0.0	0.25	1.0	NULL
197.40000000000026	3.0	2.15	1.0	tswitch_cswitch
199.55000000000027	0.0	0.5	1.0	NULL
200.05000000000027	3.0	2.15	1.0	tswitch_cswitch
202.20000000000027	0.0	0.25	1.0	NULL
202.45000000000027	2.0	2.15	1.0	tstay_cswitch
204.60000000000028	0.0	0.75	1.0	NULL
205.35000000000028	1.0	2.15	1.0	tstay_cstay
207.50000000000026	0.0	0.25	1.0	NULL
207.75000000000026	1.0	2.15	1.0	tstay_cstay
209.90000000000026	0.0	0.25	1.0	NULL
210.15000000000026	2.0	2.15	1.0	tstay_cswitch
212.30000000000027	0.0	0.25	1.0	NULL
212.55000000000027	1.0	2.15	1.0	tstay_cstay
214.70000000000027	0.0	0.25	1.0	NULL
214.95000000000027	3.0	2.15	1.0	tswitch_cswitch
217.10000000000028	0.0	0.75	1.0	NULL
217.85000000000028	1.0	2.15	1.0	tstay_cstay
220.00000000000026	0.0	0.25	1.0	NULL
220.25000000000026	1.0	2.15	1.0	tstay_cstay
222.40000000000032	0.0	0.25	1.0	NULL
222.65000000000032	2.0	2.15	1.0	tstay_cswitch
224.8000000000003	0.0	0.25	1.0	NULL
225.0500000000003	3.0	2.15	1.0	tswitch_cswitch
227.2000000000003	0.0	0.5	1.0	NULL
227.7000000000003	3.0	2.15	1.0	tswitch_cswitch
229.8500000000003	0.0	0.25	1.0	NULL
230.1000000000003	3.0	2.15	1.0	tswitch_cswitch
232.2500000000003	0.0	0.25	1.0	NULL
232.5000000000003	3.0	2.15	1.0	tswitch_cswitch
234.65000000000032	0.0	0.25	1.0	NULL
234.90000000000032	3.0	2.15	1.0	tswitch_cswitch
237.0500000000003	0.0	0.25	1.0	NULL
237.3000000000003	3.0	2.15	1.0	tswitch_cswitch
239.4500000000004	0.0	0.25	1.0	NULL
239.7000000000004	3.0	2.15	1.0	tswitch_cswitch
241.8500000000004	0.0	0.25	1.0	NULL
242.1000000000004	2.0	2.15	1.0	tstay_cswitch
244.25000000000037	0.0	0.5	1.0	NULL
244.75000000000037	1.0	2.15	1.0	tstay_cstay
246.90000000000038	0.0	0.25	1.0	NULL
247.15000000000038	2.0	2.15	1.0	tstay_cswitch
249.30000000000038	0.0	0.25	1.0	NULL
249.55000000000038	1.0	2.15	1.0	tstay_cstay
251.70000000000041	0.0	0.75	1.0	NULL
252.45000000000041	3.0	2.15	1.0	tswitch_cswitch
254.6000000000004	0.0	0.5	1.0	NULL
255.1000000000004	3.0	2.15	1.0	tswitch_cswitch
257.2500000000004	0.0	1.0	1.0	NULL
258.2500000000004	2.0	2.15	1.0	tstay_cswitch
260.4000000000003	0.0	0.25	1.0	NULL
260.6500000000003	1.0	2.15	1.0	tstay_cstay
262.8000000000003	0.0	1.5	1.0	NULL
264.3000000000003	3.0	2.15	1.0	tswitch_cswitch
266.45000000000033	0.0	0.25	1.0	NULL
266.70000000000033	3.0	2.15	1.0	tswitch_cswitch
268.85000000000025	0.0	0.25	1.0	NULL
269.10000000000025	3.0	2.15	1.0	tswitch_cswitch
271.25000000000017	0.0	0.75	1.0	NULL
272.00000000000017	2.0	2.15	1.0	tstay_cswitch
274.1500000000002	0.0	0.5	1.0	NULL
274.6500000000002	2.0	2.15	1.0	tstay_cswitch
276.8000000000002	0.0	0.25	1.0	NULL
277.0500000000002	2.0	2.15	1.0	tstay_cswitch
279.20000000000016	0.0	0.25	1.0	NULL
279.45000000000016	3.0	2.15	1.0	tswitch_cswitch
281.60000000000014	0.0	0.25	1.0	NULL
281.85000000000014	2.0	2.15	1.0	tstay_cswitch
284.0000000000001	0.0	0.75	1.0	NULL
284.7500000000001	1.0	2.15	1.0	tstay_cstay
286.9000000000001	0.0	1.75	1.0	NULL
288.6500000000001	3.0	2.15	1.0	tswitch_cswitch
290.80000000000007	0.0	0.5	1.0	NULL
291.30000000000007	3.0	2.15	1.0	tswitch_cswitch
293.4500000000001	0.0	0.25	1.0	NULL
293.7000000000001	2.0	2.15	1.0	tstay_cswitch
295.85	0.0	0.25	1.0	NULL
296.1	1.0	2.15	1.0	tstay_cstay
298.25	0.0	0.5	1.0	NULL
298.75	2.0	2.15	1.0	tstay_cswitch
300.9	0.0	1.0	1.0	NULL
301.9	3.0	2.15	1.0	tswitch_cswitch
304.0499999999999	0.0	0.25	1.0	NULL
304.2999999999999	3.0	2.15	1.0	tswitch_cswitch
306.44999999999993	0.0	0.75	1.0	NULL
307.19999999999993	3.0	2.15	1.0	tswitch_cswitch
309.3499999999999	0.0	0.5	1.0	NULL
309.8499999999999	3.0	2.15	1.0	tswitch_cswitch
311.9999999999999	0.0	2.25	1.0	NULL
314.2499999999999	1.0	2.15	1.0	tstay_cstay
316.3999999999998	0.0	0.5	1.0	NULL
316.8999999999998	3.0	2.15	1.0	tswitch_cswitch
319.0499999999998	0.0	0.75	1.0	NULL
319.7999999999998	3.0	2.15	1.0	tswitch_cswitch
321.9499999999998	0.0	0.5	1.0	NULL
322.4499999999998	2.0	2.15	1.0	tstay_cswitch
324.5999999999998	0.0	0.25	1.0	NULL
324.8499999999998	2.0	2.15	1.0	tstay_cswitch
336.99999999999983	0.0	0.25	1.0	NULL
337.24999999999983	1.0	2.15	1.0	tstay_cstay
339.39999999999975	0.0	0.5	1.0	NULL
339.89999999999975	2.0	2.15	1.0	tstay_cswitch
342.04999999999967	0.0	0.25	1.0	NULL
342.29999999999967	3.0	2.15	1.0	tswitch_cswitch
344.4499999999997	0.0	0.5	1.0	NULL
344.9499999999997	2.0	2.15	1.0	tstay_cswitch
347.0999999999997	0.0	0.25	1.0	NULL
347.3499999999997	3.0	2.15	1.0	tswitch_cswitch
349.4999999999997	0.0	0.5	1.0	NULL
349.9999999999997	1.0	2.15	1.0	tstay_cstay
352.14999999999964	0.0	0.75	1.0	NULL
352.89999999999964	1.0	2.15	1.0	tstay_cstay
355.0499999999996	0.0	0.5	1.0	NULL
355.5499999999996	3.0	2.15	1.0	tswitch_cswitch
357.6999999999996	0.0	0.25	1.0	NULL
357.9499999999996	3.0	2.15	1.0	tswitch_cswitch
360.0999999999996	0.0	0.25	1.0	NULL
360.3499999999996	1.0	2.15	1.0	tstay_cstay
362.4999999999996	0.0	0.0	1.0	NULL
362.4999999999996	3.0	2.15	1.0	tswitch_cswitch
364.64999999999947	0.0	0.25	1.0	NULL
364.89999999999947	3.0	2.15	1.0	tswitch_cswitch
367.04999999999944	0.0	0.25	1.0	NULL
367.29999999999944	3.0	2.15	1.0	tswitch_cswitch
369.4499999999995	0.0	0.25	1.0	NULL
369.6999999999995	3.0	2.15	1.0	tswitch_cswitch
371.84999999999945	0.0	1.0	1.0	NULL
372.84999999999945	2.0	2.15	1.0	tstay_cswitch
374.9999999999994	0.0	1.25	1.0	NULL
376.2499999999994	2.0	2.15	1.0	tstay_cswitch
378.3999999999994	0.0	1.0	1.0	NULL
379.3999999999994	1.0	2.15	1.0	tstay_cstay
381.5499999999994	0.0	0.0	1.0	NULL
381.5499999999994	3.0	2.15	1.0	tswitch_cswitch
383.69999999999936	0.0	1.0	1.0	NULL
384.69999999999936	1.0	2.15	1.0	tstay_cstay
386.8499999999994	0.0	1.0	1.0	NULL
387.8499999999994	3.0	2.15	1.0	tswitch_cswitch
389.9999999999993	0.0	0.5	1.0	NULL
390.4999999999993	3.0	2.15	1.0	tswitch_cswitch
392.6499999999993	0.0	0.5	1.0	NULL
393.1499999999993	2.0	2.15	1.0	tstay_cswitch
395.29999999999933	0.0	0.75	1.0	NULL
396.04999999999933	1.0	2.15	1.0	tstay_cstay
398.19999999999925	0.0	1.0	1.0	NULL
399.19999999999925	1.0	2.15	1.0	tstay_cstay
401.34999999999917	0.0	0.25	1.0	NULL
401.59999999999917	2.0	2.15	1.0	tstay_cswitch
403.74999999999915	0.0	1.0	1.0	NULL
404.74999999999915	3.0	2.15	1.0	tswitch_cswitch
406.8999999999992	0.0	0.25	1.0	NULL
407.1499999999992	3.0	2.15	1.0	tswitch_cswitch
409.29999999999916	0.0	0.0	1.0	NULL
409.29999999999916	2.0	2.15	1.0	tstay_cswitch
411.44999999999914	0.0	0.5	1.0	NULL
411.94999999999914	3.0	2.15	1.0	tswitch_cswitch
414.09999999999917	0.0	0.0	1.0	NULL
414.09999999999917	2.0	2.15	1.0	tstay_cswitch
416.24999999999915	0.0	0.5	1.0	NULL
416.74999999999915	1.0	2.15	1.0	tstay_cstay
418.8999999999992	0.0	0.5	1.0	NULL
419.3999999999992	1.0	2.15	1.0	tstay_cstay
421.54999999999916	0.0	0.25	1.0	NULL
421.79999999999916	1.0	2.15	1.0	tstay_cstay
423.949999999999	0.0	0.25	1.0	NULL
424.199999999999	2.0	2.15	1.0	tstay_cswitch
426.349999999999	0.0	0.5	1.0	NULL
426.849999999999	2.0	2.15	1.0	tstay_cswitch
428.99999999999903	0.0	0.25	1.0	NULL
429.24999999999903	2.0	2.15	1.0	tstay_cswitch
431.39999999999895	0.0	0.5	1.0	NULL
431.89999999999895	3.0	2.15	1.0	tswitch_cswitch
434.0499999999989	0.0	0.25	1.0	NULL
434.2999999999989	3.0	2.15	1.0	tswitch_cswitch
436.44999999999885	0.0	0.25	1.0	NULL
436.69999999999885	3.0	2.15	1.0	tswitch_cswitch
438.84999999999883	0.0	0.5	1.0	NULL
439.34999999999883	3.0	2.15	1.0	tswitch_cswitch
441.49999999999886	0.0	0.5	1.0	NULL
441.99999999999886	3.0	2.15	1.0	tswitch_cswitch
444.14999999999884	0.0	1.0	1.0	NULL
445.14999999999884	3.0	2.15	1.0	tswitch_cswitch
447.29999999999876	0.0	2.25	1.0	NULL
449.54999999999876	2.0	2.15	1.0	tstay_cswitch
451.6999999999988	0.0	0.25	1.0	NULL
451.9499999999988	1.0	2.15	1.0	tstay_cstay
454.0999999999988	0.0	0.75	1.0	NULL
454.8499999999988	3.0	2.15	1.0	tswitch_cswitch
456.9999999999988	0.0	0.75	1.0	NULL
457.7499999999988	3.0	2.15	1.0	tswitch_cswitch
459.8999999999987	0.0	0.25	1.0	NULL
460.1499999999987	3.0	2.15	1.0	tswitch_cswitch
462.2999999999987	0.0	0.25	1.0	NULL
462.5499999999987	1.0	2.15	1.0	tstay_cstay
464.6999999999987	0.0	0.25	1.0	NULL
464.9499999999987	2.0	2.15	1.0	tstay_cswitch
467.0999999999986	0.0	0.0	1.0	NULL
467.0999999999986	1.0	2.15	1.0	tstay_cstay
469.2499999999985	0.0	0.25	1.0	NULL
469.4999999999985	2.0	2.15	1.0	tstay_cswitch
471.6499999999986	0.0	0.75	1.0	NULL
472.3999999999986	2.0	2.15	1.0	tstay_cswitch
474.54999999999865	0.0	1.75	1.0	NULL
476.29999999999865	2.0	2.15	1.0	tstay_cswitch
478.44999999999857	0.0	0.25	1.0	NULL
478.69999999999857	3.0	2.15	1.0	tswitch_cswitch
480.84999999999854	0.0	0.25	1.0	NULL
481.09999999999854	3.0	2.15	1.0	tswitch_cswitch
483.24999999999847	0.0	0.5	1.0	NULL
483.74999999999847	1.0	2.15	1.0	tstay_cstay
485.8999999999985	0.0	0.5	1.0	NULL
486.3999999999985	3.0	2.15	1.0	tswitch_cswitch
488.5499999999985	0.0	0.25	1.0	NULL
488.7999999999985	3.0	2.15	1.0	tswitch_cswitch
490.94999999999845	0.0	0.5	1.0	NULL
491.44999999999845	3.0	2.15	1.0	tswitch_cswitch
493.5999999999984	0.0	0.25	1.0	NULL
493.8499999999984	2.0	2.15	1.0	tstay_cswitch
505.9999999999984	0.0	1.0	1.0	NULL
506.9999999999984	3.0	2.15	1.0	tswitch_cswitch
509.1499999999984	0.0	0.25	1.0	NULL
509.3999999999984	2.0	2.15	1.0	tstay_cswitch
511.54999999999836	0.0	1.0	1.0	NULL
512.5499999999984	1.0	2.15	1.0	tstay_cstay
514.6999999999983	0.0	0.25	1.0	NULL
514.9499999999983	2.0	2.15	1.0	tstay_cswitch
517.0999999999983	0.0	0.75	1.0	NULL
517.8499999999983	1.0	2.15	1.0	tstay_cstay
519.9999999999983	0.0	0.0	1.0	NULL
519.9999999999983	3.0	2.15	1.0	tswitch_cswitch
522.1499999999983	0.0	0.25	1.0	NULL
522.3999999999983	2.0	2.15	1.0	tstay_cswitch
524.5499999999981	0.0	0.25	1.0	NULL
524.7999999999981	2.0	2.15	1.0	tstay_cswitch
526.9499999999981	0.0	0.75	1.0	NULL
527.6999999999981	3.0	2.15	1.0	tswitch_cswitch
529.8499999999982	0.0	0.75	1.0	NULL
530.5999999999982	3.0	2.15	1.0	tswitch_cswitch
532.7499999999982	0.0	0.5	1.0	NULL
533.2499999999982	3.0	2.15	1.0	tswitch_cswitch
535.3999999999982	0.0	0.0	1.0	NULL
535.3999999999982	1.0	2.15	1.0	tstay_cstay
537.5499999999981	0.0	0.25	1.0	NULL
537.7999999999981	3.0	2.15	1.0	tswitch_cswitch
539.9499999999981	0.0	0.25	1.0	NULL
540.1999999999981	1.0	2.15	1.0	tstay_cstay
542.3499999999981	0.0	0.25	1.0	NULL
542.5999999999981	3.0	2.15	1.0	tswitch_cswitch
544.7499999999981	0.0	0.75	1.0	NULL
545.4999999999981	3.0	2.15	1.0	tswitch_cswitch
547.649999999998	0.0	1.0	1.0	NULL
548.649999999998	3.0	2.15	1.0	tswitch_cswitch
550.799999999998	0.0	0.0	1.0	NULL
550.799999999998	1.0	2.15	1.0	tstay_cstay
552.949999999998	0.0	1.0	1.0	NULL
553.949999999998	3.0	2.15	1.0	tswitch_cswitch
556.099999999998	0.0	0.5	1.0	NULL
556.599999999998	3.0	2.15	1.0	tswitch_cswitch
558.7499999999981	0.0	0.25	1.0	NULL
558.9999999999981	3.0	2.15	1.0	tswitch_cswitch
561.1499999999978	0.0	0.5	1.0	NULL
561.6499999999978	2.0	2.15	1.0	tstay_cswitch
563.7999999999979	0.0	0.0	1.0	NULL
563.7999999999979	3.0	2.15	1.0	tswitch_cswitch
565.9499999999979	0.0	0.25	1.0	NULL
566.1999999999979	2.0	2.15	1.0	tstay_cswitch
568.3499999999979	0.0	0.5	1.0	NULL
568.8499999999979	2.0	2.15	1.0	tstay_cswitch
570.9999999999978	0.0	0.25	1.0	NULL
571.2499999999978	3.0	2.15	1.0	tswitch_cswitch
573.3999999999978	0.0	0.0	1.0	NULL
573.3999999999978	2.0	2.15	1.0	tstay_cswitch
575.5499999999978	0.0	1.25	1.0	NULL
576.7999999999978	1.0	2.15	1.0	tstay_cstay
578.9499999999978	0.0	0.75	1.0	NULL
579.6999999999978	1.0	2.15	1.0	tstay_cstay
581.8499999999977	0.0	0.25	1.0	NULL
582.0999999999977	1.0	2.15	1.0	tstay_cstay
584.2499999999978	0.0	0.5	1.0	NULL
584.7499999999978	2.0	2.15	1.0	tstay_cswitch
586.8999999999978	0.0	0.25	1.0	NULL
587.1499999999978	1.0	2.15	1.0	tstay_cstay
589.2999999999978	0.0	0.25	1.0	NULL
589.5499999999978	1.0	2.15	1.0	tstay_cstay
591.6999999999978	0.0	1.25	1.0	NULL
592.9499999999978	1.0	2.15	1.0	tstay_cstay
595.0999999999976	0.0	0.25	1.0	NULL
595.3499999999976	1.0	2.15	1.0	tstay_cstay
597.4999999999976	0.0	0.75	1.0	NULL
598.2499999999976	2.0	2.15	1.0	tstay_cswitch
600.3999999999976	0.0	1.25	1.0	NULL
601.6499999999976	3.0	2.15	1.0	tswitch_cswitch
603.7999999999977	0.0	0.25	1.0	NULL
604.0499999999977	3.0	2.15	1.0	tswitch_cswitch
606.1999999999974	0.0	0.75	1.0	NULL
606.9499999999974	1.0	2.15	1.0	tstay_cstay
609.0999999999975	0.0	0.25	1.0	NULL
609.3499999999975	3.0	2.15	1.0	tswitch_cswitch
611.4999999999975	0.0	0.25	1.0	NULL
611.7499999999975	1.0	2.15	1.0	tstay_cstay
613.8999999999975	0.0	0.5	1.0	NULL
614.3999999999975	1.0	2.15	1.0	tstay_cstay
616.5499999999975	0.0	0.5	1.0	NULL
617.0499999999975	3.0	2.15	1.0	tswitch_cswitch
619.1999999999974	0.0	0.25	1.0	NULL
619.4499999999974	3.0	2.15	1.0	tswitch_cswitch
621.5999999999974	0.0	0.25	1.0	NULL
621.8499999999974	3.0	2.15	1.0	tswitch_cswitch
623.9999999999974	0.0	0.75	1.0	NULL
624.7499999999974	3.0	2.15	1.0	tswitch_cswitch
626.8999999999974	0.0	0.75	1.0	NULL
627.6499999999974	3.0	2.15	1.0	tswitch_cswitch
629.7999999999972	0.0	0.25	1.0	NULL
630.0499999999972	2.0	2.15	1.0	tstay_cswitch
632.1999999999972	0.0	0.25	1.0	NULL
632.4499999999972	1.0	2.15	1.0	tstay_cstay
634.5999999999973	0.0	0.75	1.0	NULL
635.3499999999973	2.0	2.15	1.0	tstay_cswitch
637.4999999999973	0.0	0.0	1.0	NULL
637.4999999999973	3.0	2.15	1.0	tswitch_cswitch
639.6499999999972	0.0	0.75	1.0	NULL
640.3999999999972	3.0	2.15	1.0	tswitch_cswitch
642.5499999999972	0.0	0.25	1.0	NULL
642.7999999999972	2.0	2.15	1.0	tstay_cswitch
644.9499999999972	0.0	0.25	1.0	NULL
645.1999999999972	2.0	2.15	1.0	tstay_cswitch
647.3499999999973	0.0	0.25	1.0	NULL
647.5999999999973	3.0	2.15	1.0	tswitch_cswitch
649.7499999999973	0.0	0.0	1.0	NULL
649.7499999999973	2.0	2.15	1.0	tstay_cswitch
651.8999999999971	0.0	0.25	1.0	NULL
652.1499999999971	1.0	2.15	1.0	tstay_cstay
654.2999999999971	0.0	0.25	1.0	NULL
654.5499999999971	2.0	2.15	1.0	tstay_cswitch
656.6999999999971	0.0	0.25	1.0	NULL
656.9499999999971	3.0	2.15	1.0	tswitch_cswitch
659.0999999999971	0.0	0.5	1.0	NULL
659.5999999999971	3.0	2.15	1.0	tswitch_cswitch
