0.0
2.4
4.799999999999999
15.15
22.349999999999998
27.149999999999995
32.949999999999996
37.74999999999999
43.04999999999999
48.09999999999999
50.999999999999986
57.94999999999998
62.74999999999998
65.14999999999998
67.54999999999998
82.20000000000002
85.10000000000002
88.75000000000003
111.45000000000007
119.65000000000009
122.0500000000001
124.4500000000001
129.2500000000001
131.65000000000012
151.60000000000014
153.75000000000014
156.15000000000015
163.85000000000016
166.00000000000017
171.05000000000018
173.4500000000002
180.9000000000002
183.8000000000002
186.45000000000022
191.25000000000023
201.60000000000025
207.90000000000026
231.7500000000003
241.85000000000034
244.50000000000034
247.15000000000035
249.55000000000035
252.20000000000036
260.6500000000003
263.0500000000003
265.7000000000003
268.35000000000025
273.6500000000002
276.3000000000002
278.70000000000016
293.5000000000001
295.6500000000001
298.05000000000007
303.6
308.4
313.19999999999993
317.9999999999999
320.64999999999986
323.29999999999984
328.5999999999998
337.9499999999997
340.8499999999997
350.5499999999996
353.6999999999996
364.2999999999995
372.24999999999943
389.5499999999993
394.3499999999992
396.7499999999992
399.8999999999992
404.94999999999914
407.3499999999991
412.39999999999907
442.3499999999989
449.5499999999988
458.8999999999987
466.09999999999866
468.74999999999864
471.3999999999986
473.7999999999986
476.94999999999857
484.3999999999985
486.7999999999985
492.09999999999843
503.44999999999834
521.2499999999982
523.6499999999982
525.7999999999981
528.4499999999981
530.8499999999981
533.2499999999981
543.349999999998
548.6499999999979
554.9499999999979
559.9999999999978
563.6499999999978
566.7999999999978
