0.0
11.1
13.25
15.65
26.249999999999996
42.49999999999999
60.04999999999998
81.25000000000001
89.45000000000003
107.75000000000007
134.2500000000001
137.15000000000012
139.55000000000013
175.30000000000018
177.9500000000002
180.3500000000002
202.45000000000024
210.15000000000026
222.6500000000003
242.10000000000034
247.15000000000035
258.25000000000034
272.0000000000002
274.6500000000002
277.0500000000002
281.85000000000014
293.70000000000005
298.75
322.4499999999998
324.8499999999998
339.89999999999975
344.9499999999997
372.84999999999945
376.24999999999943
393.1499999999993
401.5999999999992
409.29999999999916
414.0999999999991
424.199999999999
426.849999999999
429.249999999999
449.5499999999988
464.9499999999987
469.49999999999864
472.3999999999986
476.2999999999986
493.84999999999843
509.3999999999984
514.9499999999983
522.3999999999983
524.7999999999982
561.6499999999979
566.1999999999979
568.8499999999979
573.3999999999978
584.7499999999977
598.2499999999976
630.0499999999973
635.3499999999973
642.7999999999972
645.1999999999972
649.7499999999972
654.5499999999971
