24.499999999999996
29.549999999999994
35.599999999999994
40.39999999999999
65.49999999999999
73.95
81.90000000000002
86.70000000000003
99.95000000000006
127.60000000000011
130.0000000000001
132.65000000000012
164.35000000000016
172.30000000000018
177.3500000000002
185.0500000000002
187.70000000000022
197.80000000000024
211.80000000000027
219.25000000000028
231.5000000000003
248.90000000000035
295.7500000000001
314.79999999999995
319.5999999999999
325.39999999999986
330.6999999999998
333.0999999999998
335.9999999999998
341.5499999999997
346.5999999999997
348.99999999999966
359.84999999999957
369.4499999999995
377.3999999999994
391.3999999999993
409.94999999999914
415.4999999999991
461.0999999999988
480.6499999999986
490.2499999999985
498.44999999999845
515.0999999999983
517.7499999999983
536.7999999999981
550.799999999998
553.199999999998
555.599999999998
565.6999999999979
571.4999999999978
573.8999999999978
