42.55600000000002
47.45000000000002
49.45000000000002
75.62200000000003
87.70800000000004
92.30400000000004
98.39000000000004
104.47600000000004
116.56200000000004
121.15800000000004
141.84000000000006
169.41600000000008
182.3100000000001
184.6080000000001
200.78000000000011
204.56800000000013
243.72000000000014
249.21000000000015
281.9780000000002
313.0440000000002
317.9380000000002
320.2360000000002
323.1300000000002
365.98400000000026
370.28200000000027
400.2420000000003
406.5400000000003
408.5400000000003
423.01000000000033
425.30800000000033
448.58600000000035
484.5460000000004
494.6320000000004
511.6120000000004
514.2080000000004
518.8040000000004
521.1020000000004
526.5920000000004
542.3800000000005
564.8500000000005
567.1480000000005
572.0420000000005
583.2340000000005
644.6840000000005
649.2800000000005
659.9620000000006
683.0280000000006
687.6240000000006
765.3320000000007
767.3320000000007
