0.0
7.192
18.682000000000002
29.87400000000001
51.74800000000002
64.72800000000002
69.02600000000002
71.32400000000003
125.75400000000005
132.05200000000005
158.73400000000007
198.4820000000001
230.23000000000013
232.52800000000013
234.82600000000014
256.70000000000016
346.40800000000024
349.00400000000025
360.79200000000026
363.68600000000026
379.2620000000003
384.4540000000003
397.9440000000003
402.2420000000003
413.1360000000003
427.30800000000033
474.7580000000004
486.8440000000004
516.5060000000004
547.2740000000005
549.5720000000005
551.5720000000005
576.3400000000005
578.3400000000005
622.8100000000005
627.7040000000005
632.5980000000005
654.1740000000005
678.1340000000006
680.4320000000006
694.8160000000006
697.1140000000006
699.4120000000006
701.7100000000006
704.0080000000006
706.3060000000006
722.3920000000006
737.9680000000006
745.1600000000007
760.1400000000007
762.7360000000007
