0.0	0.0	0.0	1.0	NULL
0.0	1.0	2.15	1.0	tstay_cstay
2.15	0.0	1.0	1.0	NULL
3.15	2.0	2.15	1.0	tstay_cswitch
5.299999999999999	0.0	0.0	1.0	NULL
5.299999999999999	2.0	2.15	1.0	tstay_cswitch
7.449999999999999	0.0	0.75	1.0	NULL
8.2	3.0	2.15	1.0	tswitch_cswitch
10.35	0.0	0.25	1.0	NULL
10.6	3.0	2.15	1.0	tswitch_cswitch
12.75	0.0	0.25	1.0	NULL
13.0	2.0	2.15	1.0	tstay_cswitch
15.15	0.0	0.5	1.0	NULL
15.65	1.0	2.15	1.0	tstay_cstay
17.8	0.0	0.25	1.0	NULL
18.05	1.0	2.15	1.0	tstay_cstay
20.2	0.0	0.5	1.0	NULL
20.7	3.0	2.15	1.0	tswitch_cswitch
22.85	0.0	0.0	1.0	NULL
22.85	3.0	2.15	1.0	tswitch_cswitch
25.0	0.0	0.25	1.0	NULL
25.25	3.0	2.15	1.0	tswitch_cswitch
27.399999999999995	0.0	0.75	1.0	NULL
28.149999999999995	2.0	2.15	1.0	tstay_cswitch
30.299999999999997	0.0	2.25	1.0	NULL
32.55	3.0	2.15	1.0	tswitch_cswitch
34.7	0.0	0.75	1.0	NULL
35.45	3.0	2.15	1.0	tswitch_cswitch
37.6	0.0	0.5	1.0	NULL
38.1	3.0	2.15	1.0	tswitch_cswitch
40.24999999999999	0.0	0.25	1.0	NULL
40.49999999999999	2.0	2.15	1.0	tstay_cswitch
42.64999999999999	0.0	0.25	1.0	NULL
42.89999999999999	1.0	2.15	1.0	tstay_cstay
45.04999999999999	0.0	0.25	1.0	NULL
45.29999999999999	1.0	2.15	1.0	tstay_cstay
47.44999999999999	0.0	0.25	1.0	NULL
47.69999999999999	3.0	2.15	1.0	tswitch_cswitch
49.84999999999999	0.0	0.25	1.0	NULL
50.09999999999999	1.0	2.15	1.0	tstay_cstay
52.24999999999999	0.0	0.25	1.0	NULL
52.49999999999999	2.0	2.15	1.0	tstay_cswitch
54.649999999999984	0.0	1.0	1.0	NULL
55.649999999999984	1.0	2.15	1.0	tstay_cstay
57.79999999999998	0.0	0.75	1.0	NULL
58.54999999999998	3.0	2.15	1.0	tswitch_cswitch
60.69999999999998	0.0	0.25	1.0	NULL
60.94999999999998	3.0	2.15	1.0	tswitch_cswitch
63.09999999999999	0.0	0.25	1.0	NULL
63.34999999999999	2.0	2.15	1.0	tstay_cswitch
65.49999999999999	0.0	0.0	1.0	NULL
65.49999999999999	3.0	2.15	1.0	tswitch_cswitch
67.64999999999999	0.0	0.5	1.0	NULL
68.14999999999999	2.0	2.15	1.0	tstay_cswitch
70.3	0.0	0.25	1.0	NULL
70.55	3.0	2.15	1.0	tswitch_cswitch
72.7	0.0	0.25	1.0	NULL
72.95	3.0	2.15	1.0	tswitch_cswitch
75.10000000000002	0.0	0.25	1.0	NULL
75.35000000000002	2.0	2.15	1.0	tstay_cswitch
77.50000000000001	0.0	0.25	1.0	NULL
77.75000000000001	2.0	2.15	1.0	tstay_cswitch
79.90000000000002	0.0	0.25	1.0	NULL
80.15000000000002	3.0	2.15	1.0	tswitch_cswitch
82.30000000000003	0.0	0.25	1.0	NULL
82.55000000000003	3.0	2.15	1.0	tswitch_cswitch
84.70000000000003	0.0	0.25	1.0	NULL
84.95000000000003	3.0	2.15	1.0	tswitch_cswitch
87.10000000000004	0.0	0.5	1.0	NULL
87.60000000000004	2.0	2.15	1.0	tstay_cswitch
89.75000000000004	0.0	0.25	1.0	NULL
90.00000000000004	1.0	2.15	1.0	tstay_cstay
92.15000000000003	0.0	0.25	1.0	NULL
92.40000000000003	1.0	2.15	1.0	tstay_cstay
94.55000000000004	0.0	0.5	1.0	NULL
95.05000000000004	1.0	2.15	1.0	tstay_cstay
97.20000000000006	0.0	0.5	1.0	NULL
97.70000000000006	3.0	2.15	1.0	tswitch_cswitch
99.85000000000008	0.0	0.25	1.0	NULL
100.10000000000008	1.0	2.15	1.0	tstay_cstay
102.25000000000007	0.0	0.75	1.0	NULL
103.00000000000007	3.0	2.15	1.0	tswitch_cswitch
105.15000000000008	0.0	0.5	1.0	NULL
105.65000000000008	1.0	2.15	1.0	tstay_cstay
107.80000000000008	0.0	0.25	1.0	NULL
108.05000000000008	1.0	2.15	1.0	tstay_cstay
110.20000000000007	0.0	0.5	1.0	NULL
110.70000000000007	3.0	2.15	1.0	tswitch_cswitch
112.8500000000001	0.0	0.25	1.0	NULL
113.1000000000001	3.0	2.15	1.0	tswitch_cswitch
115.2500000000001	0.0	1.5	1.0	NULL
116.7500000000001	2.0	2.15	1.0	tstay_cswitch
118.90000000000009	0.0	0.25	1.0	NULL
119.15000000000009	1.0	2.15	1.0	tstay_cstay
121.30000000000014	0.0	0.5	1.0	NULL
121.80000000000014	2.0	2.15	1.0	tstay_cswitch
123.95000000000013	0.0	0.75	1.0	NULL
124.70000000000013	3.0	2.15	1.0	tswitch_cswitch
126.85000000000014	0.0	0.75	1.0	NULL
127.60000000000014	3.0	2.15	1.0	tswitch_cswitch
129.75000000000009	0.0	0.25	1.0	NULL
130.00000000000009	3.0	2.15	1.0	tswitch_cswitch
132.15000000000012	0.0	0.25	1.0	NULL
132.40000000000012	1.0	2.15	1.0	tstay_cstay
134.55000000000013	0.0	0.25	1.0	NULL
134.80000000000013	3.0	2.15	1.0	tswitch_cswitch
136.95000000000013	0.0	0.5	1.0	NULL
137.45000000000013	3.0	2.15	1.0	tswitch_cswitch
139.60000000000014	0.0	0.25	1.0	NULL
139.85000000000014	1.0	2.15	1.0	tstay_cstay
142.00000000000014	0.0	0.75	1.0	NULL
142.75000000000014	1.0	2.15	1.0	tstay_cstay
144.90000000000015	0.0	0.5	1.0	NULL
145.40000000000015	3.0	2.15	1.0	tswitch_cswitch
147.55000000000015	0.0	1.0	1.0	NULL
148.55000000000015	3.0	2.15	1.0	tswitch_cswitch
150.70000000000016	0.0	0.0	1.0	NULL
150.70000000000016	3.0	2.15	1.0	tswitch_cswitch
152.85000000000016	0.0	0.25	1.0	NULL
153.10000000000016	2.0	2.15	1.0	tstay_cswitch
165.25000000000014	0.0	0.5	1.0	NULL
165.75000000000014	2.0	2.15	1.0	tstay_cswitch
167.9000000000002	0.0	0.25	1.0	NULL
168.1500000000002	1.0	2.15	1.0	tstay_cstay
170.30000000000018	0.0	0.75	1.0	NULL
171.05000000000018	3.0	2.15	1.0	tswitch_cswitch
173.2000000000002	0.0	0.0	1.0	NULL
173.2000000000002	1.0	2.15	1.0	tstay_cstay
175.3500000000002	0.0	0.25	1.0	NULL
175.6000000000002	3.0	2.15	1.0	tswitch_cswitch
177.7500000000002	0.0	0.25	1.0	NULL
178.0000000000002	2.0	2.15	1.0	tstay_cswitch
180.1500000000002	0.0	0.75	1.0	NULL
180.9000000000002	3.0	2.15	1.0	tswitch_cswitch
183.05000000000018	0.0	0.5	1.0	NULL
183.55000000000018	1.0	2.15	1.0	tstay_cstay
185.70000000000027	0.0	0.5	1.0	NULL
186.20000000000027	2.0	2.15	1.0	tstay_cswitch
188.35000000000028	0.0	0.75	1.0	NULL
189.10000000000028	3.0	2.15	1.0	tswitch_cswitch
191.25000000000026	0.0	0.25	1.0	NULL
191.50000000000026	1.0	2.15	1.0	tstay_cstay
193.65000000000026	0.0	0.25	1.0	NULL
193.90000000000026	2.0	2.15	1.0	tstay_cswitch
196.05000000000027	0.0	0.75	1.0	NULL
196.80000000000027	2.0	2.15	1.0	tstay_cswitch
198.95000000000027	0.0	0.25	1.0	NULL
199.20000000000027	1.0	2.15	1.0	tstay_cstay
201.35000000000028	0.0	0.25	1.0	NULL
201.60000000000028	3.0	2.15	1.0	tswitch_cswitch
203.75000000000026	0.0	1.0	1.0	NULL
204.75000000000026	1.0	2.15	1.0	tstay_cstay
206.90000000000026	0.0	1.75	1.0	NULL
208.65000000000026	2.0	2.15	1.0	tstay_cswitch
210.80000000000027	0.0	0.5	1.0	NULL
211.30000000000027	1.0	2.15	1.0	tstay_cstay
213.45000000000027	0.0	0.25	1.0	NULL
213.70000000000027	2.0	2.15	1.0	tstay_cswitch
215.85000000000028	0.0	0.25	1.0	NULL
216.10000000000028	2.0	2.15	1.0	tstay_cswitch
218.25000000000026	0.0	0.25	1.0	NULL
218.50000000000026	2.0	2.15	1.0	tstay_cswitch
220.65000000000032	0.0	0.25	1.0	NULL
220.90000000000032	2.0	2.15	1.0	tstay_cswitch
223.0500000000003	0.0	0.5	1.0	NULL
223.5500000000003	2.0	2.15	1.0	tstay_cswitch
225.7000000000003	0.0	0.75	1.0	NULL
226.4500000000003	2.0	2.15	1.0	tstay_cswitch
228.6000000000003	0.0	0.5	1.0	NULL
229.1000000000003	1.0	2.15	1.0	tstay_cstay
231.2500000000003	0.0	0.75	1.0	NULL
232.0000000000003	1.0	2.15	1.0	tstay_cstay
234.15000000000032	0.0	0.0	1.0	NULL
234.15000000000032	2.0	2.15	1.0	tstay_cswitch
236.3000000000003	0.0	0.0	1.0	NULL
236.3000000000003	2.0	2.15	1.0	tstay_cswitch
238.4500000000004	0.0	0.25	1.0	NULL
238.7000000000004	2.0	2.15	1.0	tstay_cswitch
240.8500000000004	0.0	0.25	1.0	NULL
241.1000000000004	1.0	2.15	1.0	tstay_cstay
243.25000000000037	0.0	0.25	1.0	NULL
243.50000000000037	1.0	2.15	1.0	tstay_cstay
245.65000000000038	0.0	0.25	1.0	NULL
245.90000000000038	3.0	2.15	1.0	tswitch_cswitch
248.05000000000038	0.0	0.0	1.0	NULL
248.05000000000038	1.0	2.15	1.0	tstay_cstay
250.20000000000041	0.0	0.25	1.0	NULL
250.45000000000041	1.0	2.15	1.0	tstay_cstay
252.60000000000042	0.0	0.25	1.0	NULL
252.85000000000042	3.0	2.15	1.0	tswitch_cswitch
255.00000000000043	0.0	0.5	1.0	NULL
255.50000000000043	1.0	2.15	1.0	tstay_cstay
257.65000000000043	0.0	0.25	1.0	NULL
257.90000000000043	3.0	2.15	1.0	tswitch_cswitch
260.0500000000004	0.0	0.5	1.0	NULL
260.5500000000004	1.0	2.15	1.0	tstay_cstay
262.7000000000004	0.0	1.0	1.0	NULL
263.7000000000004	2.0	2.15	1.0	tstay_cswitch
265.8500000000003	0.0	0.5	1.0	NULL
266.3500000000003	3.0	2.15	1.0	tswitch_cswitch
268.5000000000003	0.0	0.25	1.0	NULL
268.7500000000003	3.0	2.15	1.0	tswitch_cswitch
270.90000000000026	0.0	0.0	1.0	NULL
270.90000000000026	2.0	2.15	1.0	tstay_cswitch
273.05000000000024	0.0	0.25	1.0	NULL
273.30000000000024	2.0	2.15	1.0	tstay_cswitch
275.4500000000002	0.0	0.5	1.0	NULL
275.9500000000002	2.0	2.15	1.0	tstay_cswitch
278.1000000000002	0.0	0.25	1.0	NULL
278.3500000000002	3.0	2.15	1.0	tswitch_cswitch
280.50000000000017	0.0	0.25	1.0	NULL
280.75000000000017	1.0	2.15	1.0	tstay_cstay
282.9000000000001	0.0	0.5	1.0	NULL
283.4000000000001	2.0	2.15	1.0	tstay_cswitch
285.5500000000001	0.0	0.25	1.0	NULL
285.8000000000001	1.0	2.15	1.0	tstay_cstay
287.9500000000001	0.0	0.5	1.0	NULL
288.4500000000001	2.0	2.15	1.0	tstay_cswitch
290.60000000000014	0.0	0.5	1.0	NULL
291.10000000000014	3.0	2.15	1.0	tswitch_cswitch
293.25000000000006	0.0	1.0	1.0	NULL
294.25000000000006	2.0	2.15	1.0	tstay_cswitch
296.4000000000001	0.0	1.25	1.0	NULL
297.6500000000001	1.0	2.15	1.0	tstay_cstay
299.8	0.0	0.25	1.0	NULL
300.05	1.0	2.15	1.0	tstay_cstay
302.2	0.0	0.25	1.0	NULL
302.45	2.0	2.15	1.0	tstay_cswitch
304.6	0.0	0.5	1.0	NULL
305.1	3.0	2.15	1.0	tswitch_cswitch
307.24999999999994	0.0	0.25	1.0	NULL
307.49999999999994	3.0	2.15	1.0	tswitch_cswitch
309.64999999999986	0.0	0.25	1.0	NULL
309.89999999999986	2.0	2.15	1.0	tstay_cswitch
312.0499999999999	0.0	0.25	1.0	NULL
312.2999999999999	3.0	2.15	1.0	tswitch_cswitch
314.4499999999999	0.0	0.0	1.0	NULL
314.4499999999999	2.0	2.15	1.0	tstay_cswitch
316.5999999999998	0.0	1.0	1.0	NULL
317.5999999999998	2.0	2.15	1.0	tstay_cswitch
329.74999999999983	0.0	0.0	1.0	NULL
329.74999999999983	2.0	2.15	1.0	tstay_cswitch
331.8999999999998	0.0	0.25	1.0	NULL
332.1499999999998	1.0	2.15	1.0	tstay_cstay
334.2999999999998	0.0	0.0	1.0	NULL
334.2999999999998	1.0	2.15	1.0	tstay_cstay
336.44999999999976	0.0	0.25	1.0	NULL
336.69999999999976	3.0	2.15	1.0	tswitch_cswitch
338.84999999999974	0.0	1.5	1.0	NULL
340.34999999999974	2.0	2.15	1.0	tstay_cswitch
342.4999999999997	0.0	0.5	1.0	NULL
342.9999999999997	3.0	2.15	1.0	tswitch_cswitch
345.1499999999997	0.0	0.25	1.0	NULL
345.3999999999997	2.0	2.15	1.0	tstay_cswitch
347.54999999999967	0.0	0.75	1.0	NULL
348.29999999999967	1.0	2.15	1.0	tstay_cstay
350.4499999999996	0.0	0.75	1.0	NULL
351.1999999999996	2.0	2.15	1.0	tstay_cswitch
353.3499999999996	0.0	1.0	1.0	NULL
354.3499999999996	3.0	2.15	1.0	tswitch_cswitch
356.4999999999996	0.0	2.75	1.0	NULL
359.2499999999996	2.0	2.15	1.0	tstay_cswitch
361.39999999999964	0.0	0.25	1.0	NULL
361.64999999999964	1.0	2.15	1.0	tstay_cstay
363.7999999999996	0.0	0.25	1.0	NULL
364.0499999999996	1.0	2.15	1.0	tstay_cstay
366.1999999999995	0.0	0.5	1.0	NULL
366.6999999999995	3.0	2.15	1.0	tswitch_cswitch
368.84999999999945	0.0	0.25	1.0	NULL
369.09999999999945	3.0	2.15	1.0	tswitch_cswitch
371.2499999999995	0.0	1.75	1.0	NULL
372.9999999999995	1.0	2.15	1.0	tstay_cstay
375.14999999999947	0.0	0.25	1.0	NULL
375.39999999999947	3.0	2.15	1.0	tswitch_cswitch
377.5499999999994	0.0	1.0	1.0	NULL
378.5499999999994	3.0	2.15	1.0	tswitch_cswitch
380.69999999999936	0.0	0.25	1.0	NULL
380.94999999999936	3.0	2.15	1.0	tswitch_cswitch
383.0999999999994	0.0	0.5	1.0	NULL
383.5999999999994	3.0	2.15	1.0	tswitch_cswitch
385.7499999999994	0.0	0.25	1.0	NULL
385.9999999999994	1.0	2.15	1.0	tstay_cstay
388.1499999999994	0.0	0.5	1.0	NULL
388.6499999999994	3.0	2.15	1.0	tswitch_cswitch
390.7999999999992	0.0	0.25	1.0	NULL
391.0499999999992	2.0	2.15	1.0	tstay_cswitch
393.1999999999993	0.0	0.5	1.0	NULL
393.6999999999993	2.0	2.15	1.0	tstay_cswitch
395.84999999999934	0.0	0.25	1.0	NULL
396.09999999999934	3.0	2.15	1.0	tswitch_cswitch
398.24999999999926	0.0	1.5	1.0	NULL
399.74999999999926	2.0	2.15	1.0	tstay_cswitch
401.8999999999992	0.0	0.25	1.0	NULL
402.1499999999992	3.0	2.15	1.0	tswitch_cswitch
404.29999999999916	0.0	1.5	1.0	NULL
405.79999999999916	2.0	2.15	1.0	tstay_cswitch
407.94999999999914	0.0	0.75	1.0	NULL
408.69999999999914	2.0	2.15	1.0	tstay_cswitch
410.84999999999917	0.0	0.25	1.0	NULL
411.09999999999917	1.0	2.15	1.0	tstay_cstay
413.24999999999915	0.0	1.0	1.0	NULL
414.24999999999915	1.0	2.15	1.0	tstay_cstay
416.3999999999992	0.0	1.25	1.0	NULL
417.6499999999992	1.0	2.15	1.0	tstay_cstay
419.79999999999916	0.0	0.25	1.0	NULL
420.04999999999916	3.0	2.15	1.0	tswitch_cswitch
422.19999999999914	0.0	0.5	1.0	NULL
422.69999999999914	1.0	2.15	1.0	tstay_cstay
424.84999999999917	0.0	0.25	1.0	NULL
425.09999999999917	2.0	2.15	1.0	tstay_cswitch
427.2499999999991	0.0	0.25	1.0	NULL
427.4999999999991	3.0	2.15	1.0	tswitch_cswitch
429.649999999999	0.0	0.25	1.0	NULL
429.899999999999	1.0	2.15	1.0	tstay_cstay
432.049999999999	0.0	0.25	1.0	NULL
432.299999999999	2.0	2.15	1.0	tstay_cswitch
434.4499999999989	0.0	0.0	1.0	NULL
434.4499999999989	3.0	2.15	1.0	tswitch_cswitch
436.59999999999883	0.0	0.25	1.0	NULL
436.84999999999883	3.0	2.15	1.0	tswitch_cswitch
438.99999999999886	0.0	1.0	1.0	NULL
439.99999999999886	2.0	2.15	1.0	tstay_cswitch
442.14999999999884	0.0	1.0	1.0	NULL
443.14999999999884	2.0	2.15	1.0	tstay_cswitch
445.2999999999989	0.0	1.5	1.0	NULL
446.7999999999989	1.0	2.15	1.0	tstay_cstay
448.94999999999885	0.0	0.25	1.0	NULL
449.19999999999885	3.0	2.15	1.0	tswitch_cswitch
451.3499999999988	0.0	0.5	1.0	NULL
451.8499999999988	3.0	2.15	1.0	tswitch_cswitch
453.9999999999988	0.0	0.25	1.0	NULL
454.2499999999988	2.0	2.15	1.0	tstay_cswitch
456.3999999999988	0.0	0.75	1.0	NULL
457.1499999999988	2.0	2.15	1.0	tstay_cswitch
459.29999999999876	0.0	0.0	1.0	NULL
459.29999999999876	1.0	2.15	1.0	tstay_cstay
461.4499999999988	0.0	0.25	1.0	NULL
461.6999999999988	3.0	2.15	1.0	tswitch_cswitch
463.8499999999987	0.0	0.25	1.0	NULL
464.0999999999987	3.0	2.15	1.0	tswitch_cswitch
466.2499999999987	0.0	0.25	1.0	NULL
466.4999999999987	1.0	2.15	1.0	tstay_cstay
468.6499999999986	0.0	0.25	1.0	NULL
468.8999999999986	1.0	2.15	1.0	tstay_cstay
471.04999999999865	0.0	0.75	1.0	NULL
471.79999999999865	3.0	2.15	1.0	tswitch_cswitch
473.9499999999986	0.0	0.5	1.0	NULL
474.4499999999986	2.0	2.15	1.0	tstay_cswitch
476.5999999999986	0.0	0.25	1.0	NULL
476.8499999999986	3.0	2.15	1.0	tswitch_cswitch
478.99999999999864	0.0	0.5	1.0	NULL
479.49999999999864	2.0	2.15	1.0	tstay_cswitch
481.64999999999856	0.0	0.25	1.0	NULL
481.89999999999856	3.0	2.15	1.0	tswitch_cswitch
484.0499999999985	0.0	0.75	1.0	NULL
484.7999999999985	3.0	2.15	1.0	tswitch_cswitch
486.94999999999845	0.0	0.25	1.0	NULL
487.19999999999845	3.0	2.15	1.0	tswitch_cswitch
489.3499999999985	0.0	0.5	1.0	NULL
489.8499999999985	3.0	2.15	1.0	tswitch_cswitch
501.99999999999847	0.0	0.0	1.0	NULL
501.99999999999847	3.0	2.15	1.0	tswitch_cswitch
504.1499999999984	0.0	1.5	1.0	NULL
505.6499999999984	3.0	2.15	1.0	tswitch_cswitch
507.7999999999984	0.0	0.25	1.0	NULL
508.0499999999984	1.0	2.15	1.0	tstay_cstay
510.19999999999845	0.0	0.25	1.0	NULL
510.44999999999845	2.0	2.15	1.0	tstay_cswitch
512.5999999999984	0.0	0.25	1.0	NULL
512.8499999999984	2.0	2.15	1.0	tstay_cswitch
514.9999999999984	0.0	0.25	1.0	NULL
515.2499999999984	2.0	2.15	1.0	tstay_cswitch
517.3999999999984	0.0	0.0	1.0	NULL
517.3999999999984	3.0	2.15	1.0	tswitch_cswitch
519.5499999999984	0.0	0.75	1.0	NULL
520.2999999999984	2.0	2.15	1.0	tstay_cswitch
522.4499999999983	0.0	0.0	1.0	NULL
522.4499999999983	2.0	2.15	1.0	tstay_cswitch
524.5999999999983	0.0	0.5	1.0	NULL
525.0999999999983	2.0	2.15	1.0	tstay_cswitch
527.2499999999983	0.0	0.25	1.0	NULL
527.4999999999983	2.0	2.15	1.0	tstay_cswitch
529.6499999999983	0.0	0.75	1.0	NULL
530.3999999999983	2.0	2.15	1.0	tstay_cswitch
532.5499999999981	0.0	0.25	1.0	NULL
532.7999999999981	3.0	2.15	1.0	tswitch_cswitch
534.9499999999981	0.0	0.5	1.0	NULL
535.4499999999981	3.0	2.15	1.0	tswitch_cswitch
537.5999999999982	0.0	0.75	1.0	NULL
538.3499999999982	3.0	2.15	1.0	tswitch_cswitch
540.4999999999982	0.0	0.25	1.0	NULL
540.7499999999982	3.0	2.15	1.0	tswitch_cswitch
542.8999999999982	0.0	0.25	1.0	NULL
543.1499999999982	2.0	2.15	1.0	tstay_cswitch
545.2999999999981	0.0	1.75	1.0	NULL
547.0499999999981	2.0	2.15	1.0	tstay_cswitch
549.1999999999981	0.0	0.5	1.0	NULL
549.6999999999981	1.0	2.15	1.0	tstay_cstay
551.8499999999981	0.0	0.25	1.0	NULL
552.0999999999981	3.0	2.15	1.0	tswitch_cswitch
554.2499999999981	0.0	0.5	1.0	NULL
554.7499999999981	1.0	2.15	1.0	tstay_cstay
556.899999999998	0.0	0.5	1.0	NULL
557.399999999998	2.0	2.15	1.0	tstay_cswitch
559.549999999998	0.0	0.25	1.0	NULL
559.799999999998	1.0	2.15	1.0	tstay_cstay
561.949999999998	0.0	0.25	1.0	NULL
562.199999999998	3.0	2.15	1.0	tswitch_cswitch
564.349999999998	0.0	0.25	1.0	NULL
564.599999999998	1.0	2.15	1.0	tstay_cstay
566.7499999999981	0.0	0.25	1.0	NULL
566.9999999999981	3.0	2.15	1.0	tswitch_cswitch
569.1499999999978	0.0	0.25	1.0	NULL
569.3999999999978	3.0	2.15	1.0	tswitch_cswitch
571.5499999999979	0.0	1.25	1.0	NULL
572.7999999999979	3.0	2.15	1.0	tswitch_cswitch
574.9499999999979	0.0	0.25	1.0	NULL
575.1999999999979	1.0	2.15	1.0	tstay_cstay
577.3499999999979	0.0	0.5	1.0	NULL
577.8499999999979	1.0	2.15	1.0	tstay_cstay
579.9999999999978	0.0	0.5	1.0	NULL
580.4999999999978	3.0	2.15	1.0	tswitch_cswitch
582.6499999999978	0.0	0.25	1.0	NULL
582.8999999999978	3.0	2.15	1.0	tswitch_cswitch
585.0499999999978	0.0	0.25	1.0	NULL
585.2999999999978	2.0	2.15	1.0	tstay_cswitch
587.4499999999978	0.0	0.0	1.0	NULL
587.4499999999978	2.0	2.15	1.0	tstay_cswitch
589.5999999999977	0.0	0.25	1.0	NULL
589.8499999999977	3.0	2.15	1.0	tswitch_cswitch
591.9999999999978	0.0	1.0	1.0	NULL
592.9999999999978	3.0	2.15	1.0	tswitch_cswitch
595.1499999999978	0.0	0.25	1.0	NULL
595.3999999999978	1.0	2.15	1.0	tstay_cstay
597.5499999999978	0.0	0.5	1.0	NULL
598.0499999999978	2.0	2.15	1.0	tstay_cswitch
600.1999999999978	0.0	0.25	1.0	NULL
600.4499999999978	3.0	2.15	1.0	tswitch_cswitch
602.5999999999976	0.0	0.5	1.0	NULL
603.0999999999976	2.0	2.15	1.0	tstay_cswitch
605.2499999999976	0.0	0.25	1.0	NULL
605.4999999999976	3.0	2.15	1.0	tswitch_cswitch
607.6499999999976	0.0	0.25	1.0	NULL
607.8999999999976	2.0	2.15	1.0	tstay_cswitch
610.0499999999977	0.0	0.75	1.0	NULL
610.7999999999977	2.0	2.15	1.0	tstay_cswitch
612.9499999999974	0.0	0.25	1.0	NULL
613.1999999999974	1.0	2.15	1.0	tstay_cstay
615.3499999999975	0.0	0.5	1.0	NULL
615.8499999999975	2.0	2.15	1.0	tstay_cswitch
617.9999999999975	0.0	0.25	1.0	NULL
618.2499999999975	1.0	2.15	1.0	tstay_cstay
620.3999999999975	0.0	0.25	1.0	NULL
620.6499999999975	2.0	2.15	1.0	tstay_cswitch
622.7999999999975	0.0	0.25	1.0	NULL
623.0499999999975	3.0	2.15	1.0	tswitch_cswitch
625.1999999999974	0.0	0.75	1.0	NULL
625.9499999999974	1.0	2.15	1.0	tstay_cstay
628.0999999999974	0.0	0.25	1.0	NULL
628.3499999999974	2.0	2.15	1.0	tstay_cswitch
630.4999999999974	0.0	0.25	1.0	NULL
630.7499999999974	3.0	2.15	1.0	tswitch_cswitch
632.8999999999974	0.0	0.5	1.0	NULL
633.3999999999974	2.0	2.15	1.0	tstay_cswitch
635.5499999999972	0.0	0.5	1.0	NULL
636.0499999999972	3.0	2.15	1.0	tswitch_cswitch
638.1999999999972	0.0	0.25	1.0	NULL
638.4499999999972	1.0	2.15	1.0	tstay_cstay
640.5999999999973	0.0	0.0	1.0	NULL
640.5999999999973	1.0	2.15	1.0	tstay_cstay
642.7499999999973	0.0	0.25	1.0	NULL
642.9999999999973	1.0	2.15	1.0	tstay_cstay
645.1499999999972	0.0	0.25	1.0	NULL
645.3999999999972	3.0	2.15	1.0	tswitch_cswitch
647.5499999999972	0.0	0.75	1.0	NULL
648.2999999999972	3.0	2.15	1.0	tswitch_cswitch
650.4499999999972	0.0	0.25	1.0	NULL
650.6999999999972	3.0	2.15	1.0	tswitch_cswitch
652.8499999999973	0.0	0.25	1.0	NULL
653.0999999999973	2.0	2.15	1.0	tstay_cswitch
