2.15
9.85
14.9
32.199999999999996
36.99999999999999
47.09999999999999
55.04999999999998
57.94999999999998
60.34999999999998
62.99999999999998
70.69999999999999
86.60000000000002
91.65000000000003
94.05000000000004
104.40000000000006
122.7000000000001
130.15000000000012
138.10000000000014
153.40000000000015
159.20000000000016
175.6000000000002
178.5000000000002
193.15000000000023
200.10000000000025
202.75000000000026
204.90000000000026
207.30000000000027
209.70000000000027
214.75000000000028
224.8500000000003
227.2500000000003
229.90000000000032
239.00000000000034
241.40000000000035
252.50000000000037
257.30000000000035
259.70000000000033
263.1000000000003
265.5000000000003
271.30000000000024
279.25000000000017
292.00000000000006
317.8999999999999
320.0499999999999
334.19999999999976
346.44999999999965
348.8499999999996
351.2499999999996
354.1499999999996
364.2499999999995
366.64999999999947
383.79999999999933
393.39999999999924
398.9499999999992
403.34999999999917
405.74999999999915
413.1999999999991
415.59999999999906
420.649999999999
425.94999999999897
428.09999999999894
433.6499999999989
436.5499999999989
444.2499999999988
449.79999999999876
461.94999999999874
476.1999999999986
486.54999999999853
491.3499999999985
493.74999999999847
511.29999999999836
518.9999999999983
529.3499999999982
532.2499999999982
545.2499999999981
547.899999999998
552.699999999998
559.8999999999979
564.4499999999979
574.2999999999978
576.6999999999978
579.8499999999977
584.3999999999977
589.4499999999977
591.8499999999976
596.6499999999976
599.2999999999976
