3.15
5.299999999999999
13.0
28.149999999999995
40.49999999999999
52.499999999999986
63.34999999999999
68.14999999999999
75.35000000000001
77.75000000000001
87.60000000000004
116.7500000000001
121.80000000000011
153.10000000000016
165.75000000000017
178.0000000000002
186.20000000000022
193.90000000000023
196.80000000000024
208.65000000000026
213.70000000000027
216.10000000000028
218.50000000000028
220.9000000000003
223.5500000000003
226.4500000000003
234.15000000000032
236.30000000000032
238.70000000000033
263.70000000000033
270.90000000000026
273.30000000000024
275.9500000000002
283.40000000000015
288.4500000000001
294.25000000000006
302.45
309.8999999999999
314.4499999999999
317.59999999999985
329.74999999999983
340.34999999999974
345.3999999999997
351.19999999999965
359.2499999999996
391.04999999999933
393.6999999999993
399.74999999999926
405.7999999999992
408.6999999999992
425.09999999999906
432.299999999999
439.9999999999989
443.1499999999989
454.2499999999988
457.1499999999988
474.4499999999986
479.4999999999986
510.44999999999845
512.8499999999984
515.2499999999984
520.2999999999984
522.4499999999983
525.0999999999983
527.4999999999983
530.3999999999983
543.1499999999982
547.0499999999981
557.399999999998
585.2999999999978
587.4499999999978
598.0499999999977
603.0999999999976
607.8999999999976
610.7999999999976
615.8499999999975
620.6499999999975
628.3499999999974
633.3999999999974
653.0999999999972
