0.0
15.65
18.05
42.89999999999999
45.29999999999999
50.09999999999999
55.649999999999984
90.00000000000004
92.40000000000005
95.05000000000005
100.10000000000007
105.65000000000008
108.05000000000008
119.1500000000001
132.40000000000012
139.85000000000014
142.75000000000014
168.15000000000018
173.2000000000002
183.5500000000002
191.50000000000023
199.20000000000024
204.75000000000026
211.30000000000027
229.1000000000003
232.0000000000003
241.10000000000034
243.50000000000034
248.05000000000035
250.45000000000036
255.50000000000037
260.55000000000035
280.75000000000017
285.8000000000001
297.65000000000003
300.05
332.1499999999998
334.2999999999998
348.29999999999967
361.6499999999996
364.04999999999956
372.9999999999995
385.9999999999994
411.09999999999917
414.24999999999915
417.6499999999991
422.6999999999991
429.899999999999
446.7999999999989
459.29999999999876
466.4999999999987
468.89999999999867
508.0499999999984
549.6999999999981
554.7499999999981
559.799999999998
564.599999999998
575.1999999999979
577.8499999999979
595.3999999999977
613.1999999999975
618.2499999999975
625.9499999999974
638.4499999999973
640.5999999999973
642.9999999999973
