65.98
140.74800000000002
170.23800000000003
252.00600000000003
259.30400000000003
266.60200000000003
303.68800000000005
340.77400000000006
395.1580000000001
455.9260000000001
478.7140000000001
486.0120000000001
508.80000000000007
516.3960000000001
546.1840000000001
577.7600000000001
645.5280000000001
667.4220000000001
675.0180000000001
704.8060000000002
738.7860000000002
768.5740000000002
791.3620000000002
849.7460000000002
925.4080000000002
962.7920000000003
999.5800000000003
1013.8780000000003
1028.7720000000002
1043.6660000000002
