0.0	0.0	0.0	1.0	NULL
0.0	3.0	2.15	1.0	tswitch_cswitch
2.15	0.0	0.25	1.0	NULL
2.4	2.0	2.15	1.0	tstay_cswitch
4.549999999999999	0.0	0.0	1.0	NULL
4.549999999999999	2.0	2.15	1.0	tstay_cswitch
6.699999999999998	0.0	0.25	1.0	NULL
6.949999999999998	1.0	2.15	1.0	tstay_cstay
9.1	0.0	0.5	1.0	NULL
9.6	1.0	2.15	1.0	tstay_cstay
11.75	0.0	0.5	1.0	NULL
12.25	3.0	2.15	1.0	tswitch_cswitch
14.4	0.0	0.25	1.0	NULL
14.65	3.0	2.15	1.0	tswitch_cswitch
16.8	0.0	0.75	1.0	NULL
17.55	3.0	2.15	1.0	tswitch_cswitch
19.7	0.0	0.25	1.0	NULL
19.95	3.0	2.15	1.0	tswitch_cswitch
22.1	0.0	0.0	1.0	NULL
22.1	2.0	2.15	1.0	tstay_cswitch
24.25	0.0	0.25	1.0	NULL
24.5	3.0	2.15	1.0	tswitch_cswitch
26.649999999999995	0.0	0.25	1.0	NULL
26.899999999999995	3.0	2.15	1.0	tswitch_cswitch
29.049999999999994	0.0	0.25	1.0	NULL
29.299999999999994	3.0	2.15	1.0	tswitch_cswitch
31.45	0.0	0.25	1.0	NULL
31.7	1.0	2.15	1.0	tstay_cstay
33.849999999999994	0.0	0.5	1.0	NULL
34.349999999999994	3.0	2.15	1.0	tswitch_cswitch
36.49999999999999	0.0	0.5	1.0	NULL
36.99999999999999	3.0	2.15	1.0	tswitch_cswitch
39.14999999999999	0.0	1.0	1.0	NULL
40.14999999999999	2.0	2.15	1.0	tstay_cswitch
42.29999999999999	0.0	1.5	1.0	NULL
43.79999999999999	3.0	2.15	1.0	tswitch_cswitch
45.94999999999999	0.0	0.25	1.0	NULL
46.19999999999999	3.0	2.15	1.0	tswitch_cswitch
48.34999999999999	0.0	0.25	1.0	NULL
48.59999999999999	1.0	2.15	1.0	tstay_cstay
50.74999999999999	0.0	0.25	1.0	NULL
50.99999999999999	2.0	2.15	1.0	tstay_cswitch
53.149999999999984	0.0	0.5	1.0	NULL
53.649999999999984	3.0	2.15	1.0	tswitch_cswitch
55.79999999999998	0.0	0.0	1.0	NULL
55.79999999999998	3.0	2.15	1.0	tswitch_cswitch
57.94999999999998	0.0	0.5	1.0	NULL
58.44999999999998	2.0	2.15	1.0	tstay_cswitch
60.59999999999998	0.0	0.5	1.0	NULL
61.09999999999998	3.0	2.15	1.0	tswitch_cswitch
63.24999999999998	0.0	0.25	1.0	NULL
63.49999999999998	2.0	2.15	1.0	tstay_cswitch
65.64999999999998	0.0	0.75	1.0	NULL
66.39999999999998	2.0	2.15	1.0	tstay_cswitch
68.54999999999998	0.0	0.5	1.0	NULL
69.04999999999998	2.0	2.15	1.0	tstay_cswitch
71.19999999999997	0.0	0.25	1.0	NULL
71.44999999999997	3.0	2.15	1.0	tswitch_cswitch
73.6	0.0	0.25	1.0	NULL
73.85	1.0	2.15	1.0	tstay_cstay
76.0	0.0	0.25	1.0	NULL
76.25	3.0	2.15	1.0	tswitch_cswitch
78.4	0.0	0.5	1.0	NULL
78.9	2.0	2.15	1.0	tstay_cswitch
81.05000000000003	0.0	0.5	1.0	NULL
81.55000000000003	2.0	2.15	1.0	tstay_cswitch
83.70000000000002	0.0	1.0	1.0	NULL
84.70000000000002	3.0	2.15	1.0	tswitch_cswitch
86.85000000000002	0.0	0.25	1.0	NULL
87.10000000000002	3.0	2.15	1.0	tswitch_cswitch
89.25000000000004	0.0	0.5	1.0	NULL
89.75000000000004	3.0	2.15	1.0	tswitch_cswitch
91.90000000000003	0.0	0.5	1.0	NULL
92.40000000000003	3.0	2.15	1.0	tswitch_cswitch
94.55000000000004	0.0	0.25	1.0	NULL
94.80000000000004	3.0	2.15	1.0	tswitch_cswitch
96.95000000000003	0.0	0.5	1.0	NULL
97.45000000000003	3.0	2.15	1.0	tswitch_cswitch
99.60000000000004	0.0	0.25	1.0	NULL
99.85000000000004	2.0	2.15	1.0	tstay_cswitch
102.00000000000006	0.0	0.5	1.0	NULL
102.50000000000006	1.0	2.15	1.0	tstay_cstay
104.65000000000006	0.0	0.25	1.0	NULL
104.90000000000006	2.0	2.15	1.0	tstay_cswitch
107.05000000000008	0.0	0.5	1.0	NULL
107.55000000000008	3.0	2.15	1.0	tswitch_cswitch
109.70000000000007	0.0	0.25	1.0	NULL
109.95000000000007	2.0	2.15	1.0	tstay_cswitch
112.10000000000008	0.0	0.25	1.0	NULL
112.35000000000008	2.0	2.15	1.0	tstay_cswitch
114.50000000000007	0.0	0.0	1.0	NULL
114.50000000000007	1.0	2.15	1.0	tstay_cstay
116.65000000000008	0.0	0.25	1.0	NULL
116.90000000000008	1.0	2.15	1.0	tstay_cstay
119.0500000000001	0.0	0.75	1.0	NULL
119.8000000000001	1.0	2.15	1.0	tstay_cstay
121.9500000000001	0.0	0.25	1.0	NULL
122.2000000000001	2.0	2.15	1.0	tstay_cswitch
124.35000000000014	0.0	0.25	1.0	NULL
124.60000000000014	3.0	2.15	1.0	tswitch_cswitch
126.75000000000013	0.0	1.0	1.0	NULL
127.75000000000013	2.0	2.15	1.0	tstay_cswitch
129.90000000000012	0.0	0.5	1.0	NULL
130.40000000000012	3.0	2.15	1.0	tswitch_cswitch
132.55000000000013	0.0	0.75	1.0	NULL
133.30000000000013	3.0	2.15	1.0	tswitch_cswitch
135.45000000000013	0.0	0.25	1.0	NULL
135.70000000000013	2.0	2.15	1.0	tstay_cswitch
137.85000000000014	0.0	0.25	1.0	NULL
138.10000000000014	3.0	2.15	1.0	tswitch_cswitch
140.25000000000014	0.0	0.25	1.0	NULL
140.50000000000014	1.0	2.15	1.0	tstay_cstay
142.65000000000015	0.0	0.25	1.0	NULL
142.90000000000015	3.0	2.15	1.0	tswitch_cswitch
145.05000000000015	0.0	0.25	1.0	NULL
145.30000000000015	2.0	2.15	1.0	tstay_cswitch
147.45000000000016	0.0	0.5	1.0	NULL
147.95000000000016	1.0	2.15	1.0	tstay_cstay
150.10000000000016	0.0	0.25	1.0	NULL
150.35000000000016	2.0	2.15	1.0	tstay_cswitch
162.50000000000014	0.0	1.25	1.0	NULL
163.75000000000014	3.0	2.15	1.0	tswitch_cswitch
165.9000000000002	0.0	1.0	1.0	NULL
166.9000000000002	3.0	2.15	1.0	tswitch_cswitch
169.05000000000018	0.0	0.75	1.0	NULL
169.80000000000018	1.0	2.15	1.0	tstay_cstay
171.9500000000002	0.0	0.25	1.0	NULL
172.2000000000002	1.0	2.15	1.0	tstay_cstay
174.3500000000002	0.0	0.75	1.0	NULL
175.1000000000002	3.0	2.15	1.0	tswitch_cswitch
177.2500000000002	0.0	1.5	1.0	NULL
178.7500000000002	1.0	2.15	1.0	tstay_cstay
180.9000000000002	0.0	0.25	1.0	NULL
181.1500000000002	3.0	2.15	1.0	tswitch_cswitch
183.30000000000018	0.0	1.0	1.0	NULL
184.30000000000018	1.0	2.15	1.0	tstay_cstay
186.45000000000027	0.0	0.25	1.0	NULL
186.70000000000027	1.0	2.15	1.0	tstay_cstay
188.85000000000028	0.0	1.0	1.0	NULL
189.85000000000028	3.0	2.15	1.0	tswitch_cswitch
192.00000000000026	0.0	0.25	1.0	NULL
192.25000000000026	1.0	2.15	1.0	tstay_cstay
194.40000000000026	0.0	0.5	1.0	NULL
194.90000000000026	2.0	2.15	1.0	tstay_cswitch
197.05000000000027	0.0	0.25	1.0	NULL
197.30000000000027	2.0	2.15	1.0	tstay_cswitch
199.45000000000027	0.0	0.75	1.0	NULL
200.20000000000027	1.0	2.15	1.0	tstay_cstay
202.35000000000028	0.0	0.75	1.0	NULL
203.10000000000028	3.0	2.15	1.0	tswitch_cswitch
205.25000000000026	0.0	0.25	1.0	NULL
205.50000000000026	1.0	2.15	1.0	tstay_cstay
207.65000000000026	0.0	0.25	1.0	NULL
207.90000000000026	3.0	2.15	1.0	tswitch_cswitch
210.05000000000027	0.0	0.25	1.0	NULL
210.30000000000027	3.0	2.15	1.0	tswitch_cswitch
212.45000000000027	0.0	0.25	1.0	NULL
212.70000000000027	2.0	2.15	1.0	tstay_cswitch
214.85000000000028	0.0	0.25	1.0	NULL
215.10000000000028	2.0	2.15	1.0	tstay_cswitch
217.25000000000026	0.0	0.25	1.0	NULL
217.50000000000026	2.0	2.15	1.0	tstay_cswitch
219.65000000000032	0.0	0.25	1.0	NULL
219.90000000000032	3.0	2.15	1.0	tswitch_cswitch
222.0500000000003	0.0	0.0	1.0	NULL
222.0500000000003	2.0	2.15	1.0	tstay_cswitch
224.2000000000003	0.0	0.5	1.0	NULL
224.7000000000003	3.0	2.15	1.0	tswitch_cswitch
226.8500000000003	0.0	0.25	1.0	NULL
227.1000000000003	3.0	2.15	1.0	tswitch_cswitch
229.2500000000003	0.0	0.5	1.0	NULL
229.7500000000003	2.0	2.15	1.0	tstay_cswitch
231.90000000000032	0.0	0.75	1.0	NULL
232.65000000000032	3.0	2.15	1.0	tswitch_cswitch
234.8000000000003	0.0	0.5	1.0	NULL
235.3000000000003	2.0	2.15	1.0	tstay_cswitch
237.4500000000004	0.0	0.25	1.0	NULL
237.7000000000004	2.0	2.15	1.0	tstay_cswitch
239.8500000000004	0.0	0.0	1.0	NULL
239.8500000000004	3.0	2.15	1.0	tswitch_cswitch
242.00000000000037	0.0	1.25	1.0	NULL
243.25000000000037	3.0	2.15	1.0	tswitch_cswitch
245.40000000000038	0.0	0.25	1.0	NULL
245.65000000000038	1.0	2.15	1.0	tstay_cstay
247.80000000000038	0.0	0.25	1.0	NULL
248.05000000000038	1.0	2.15	1.0	tstay_cstay
250.20000000000041	0.0	0.5	1.0	NULL
250.70000000000041	3.0	2.15	1.0	tswitch_cswitch
252.8500000000004	0.0	1.25	1.0	NULL
254.1000000000004	2.0	2.15	1.0	tstay_cswitch
256.2500000000004	0.0	0.0	1.0	NULL
256.2500000000004	2.0	2.15	1.0	tstay_cswitch
258.4000000000003	0.0	0.25	1.0	NULL
258.6500000000003	3.0	2.15	1.0	tswitch_cswitch
260.8000000000003	0.0	0.75	1.0	NULL
261.5500000000003	3.0	2.15	1.0	tswitch_cswitch
263.70000000000033	0.0	0.25	1.0	NULL
263.95000000000033	3.0	2.15	1.0	tswitch_cswitch
266.10000000000025	0.0	0.25	1.0	NULL
266.35000000000025	2.0	2.15	1.0	tstay_cswitch
268.50000000000017	0.0	0.25	1.0	NULL
268.75000000000017	1.0	2.15	1.0	tstay_cstay
270.9000000000002	0.0	0.5	1.0	NULL
271.4000000000002	2.0	2.15	1.0	tstay_cswitch
273.5500000000002	0.0	0.25	1.0	NULL
273.8000000000002	3.0	2.15	1.0	tswitch_cswitch
275.95000000000016	0.0	0.5	1.0	NULL
276.45000000000016	1.0	2.15	1.0	tstay_cstay
278.60000000000014	0.0	0.75	1.0	NULL
279.35000000000014	3.0	2.15	1.0	tswitch_cswitch
281.5000000000001	0.0	0.75	1.0	NULL
282.2500000000001	3.0	2.15	1.0	tswitch_cswitch
284.4000000000001	0.0	0.75	1.0	NULL
285.1500000000001	3.0	2.15	1.0	tswitch_cswitch
287.30000000000007	0.0	0.25	1.0	NULL
287.55000000000007	1.0	2.15	1.0	tstay_cstay
289.7000000000001	0.0	0.75	1.0	NULL
290.4500000000001	3.0	2.15	1.0	tswitch_cswitch
292.6	0.0	0.0	1.0	NULL
292.6	3.0	2.15	1.0	tswitch_cswitch
294.75	0.0	0.5	1.0	NULL
295.25	2.0	2.15	1.0	tstay_cswitch
297.4	0.0	0.5	1.0	NULL
297.9	1.0	2.15	1.0	tstay_cstay
300.0499999999999	0.0	0.5	1.0	NULL
300.5499999999999	2.0	2.15	1.0	tstay_cswitch
302.69999999999993	0.0	0.25	1.0	NULL
302.94999999999993	2.0	2.15	1.0	tstay_cswitch
305.0999999999999	0.0	0.5	1.0	NULL
305.5999999999999	3.0	2.15	1.0	tswitch_cswitch
307.7499999999999	0.0	0.25	1.0	NULL
307.9999999999999	2.0	2.15	1.0	tstay_cswitch
310.1499999999998	0.0	0.0	1.0	NULL
310.1499999999998	2.0	2.15	1.0	tstay_cswitch
312.2999999999998	0.0	0.5	1.0	NULL
312.7999999999998	3.0	2.15	1.0	tswitch_cswitch
314.9499999999998	0.0	0.25	1.0	NULL
315.1999999999998	2.0	2.15	1.0	tstay_cswitch
317.3499999999998	0.0	0.25	1.0	NULL
317.5999999999998	3.0	2.15	1.0	tswitch_cswitch
329.74999999999983	0.0	3.25	1.0	NULL
332.99999999999983	3.0	2.15	1.0	tswitch_cswitch
335.14999999999975	0.0	0.25	1.0	NULL
335.39999999999975	3.0	2.15	1.0	tswitch_cswitch
337.54999999999967	0.0	0.5	1.0	NULL
338.04999999999967	2.0	2.15	1.0	tstay_cswitch
340.1999999999997	0.0	1.25	1.0	NULL
341.4499999999997	1.0	2.15	1.0	tstay_cstay
343.5999999999997	0.0	0.5	1.0	NULL
344.0999999999997	1.0	2.15	1.0	tstay_cstay
346.2499999999997	0.0	0.5	1.0	NULL
346.7499999999997	3.0	2.15	1.0	tswitch_cswitch
348.89999999999964	0.0	0.25	1.0	NULL
349.14999999999964	3.0	2.15	1.0	tswitch_cswitch
351.2999999999996	0.0	0.25	1.0	NULL
351.5499999999996	3.0	2.15	1.0	tswitch_cswitch
353.6999999999996	0.0	0.25	1.0	NULL
353.9499999999996	3.0	2.15	1.0	tswitch_cswitch
356.0999999999996	0.0	0.5	1.0	NULL
356.5999999999996	1.0	2.15	1.0	tstay_cstay
358.74999999999955	0.0	0.5	1.0	NULL
359.24999999999955	2.0	2.15	1.0	tstay_cswitch
361.39999999999947	0.0	0.25	1.0	NULL
361.64999999999947	3.0	2.15	1.0	tswitch_cswitch
363.79999999999944	0.0	0.25	1.0	NULL
364.04999999999944	3.0	2.15	1.0	tswitch_cswitch
366.1999999999995	0.0	0.5	1.0	NULL
366.6999999999995	3.0	2.15	1.0	tswitch_cswitch
368.84999999999945	0.0	0.25	1.0	NULL
369.09999999999945	3.0	2.15	1.0	tswitch_cswitch
371.2499999999994	0.0	1.25	1.0	NULL
372.4999999999994	3.0	2.15	1.0	tswitch_cswitch
374.6499999999994	0.0	0.75	1.0	NULL
375.3999999999994	3.0	2.15	1.0	tswitch_cswitch
377.5499999999994	0.0	0.25	1.0	NULL
377.7999999999994	2.0	2.15	1.0	tstay_cswitch
379.94999999999936	0.0	0.25	1.0	NULL
380.19999999999936	2.0	2.15	1.0	tstay_cswitch
382.3499999999994	0.0	0.25	1.0	NULL
382.5999999999994	1.0	2.15	1.0	tstay_cstay
384.7499999999993	0.0	0.25	1.0	NULL
384.9999999999993	3.0	2.15	1.0	tswitch_cswitch
387.1499999999993	0.0	0.25	1.0	NULL
387.3999999999993	1.0	2.15	1.0	tstay_cstay
389.54999999999933	0.0	0.0	1.0	NULL
389.54999999999933	2.0	2.15	1.0	tstay_cswitch
391.69999999999925	0.0	0.25	1.0	NULL
391.94999999999925	3.0	2.15	1.0	tswitch_cswitch
394.09999999999917	0.0	0.25	1.0	NULL
394.34999999999917	3.0	2.15	1.0	tswitch_cswitch
396.49999999999915	0.0	0.5	1.0	NULL
396.99999999999915	3.0	2.15	1.0	tswitch_cswitch
399.1499999999992	0.0	0.5	1.0	NULL
399.6499999999992	1.0	2.15	1.0	tstay_cstay
401.79999999999916	0.0	0.5	1.0	NULL
402.29999999999916	1.0	2.15	1.0	tstay_cstay
404.44999999999914	0.0	0.75	1.0	NULL
405.19999999999914	1.0	2.15	1.0	tstay_cstay
407.34999999999917	0.0	0.25	1.0	NULL
407.59999999999917	3.0	2.15	1.0	tswitch_cswitch
409.74999999999915	0.0	1.0	1.0	NULL
410.74999999999915	3.0	2.15	1.0	tswitch_cswitch
412.8999999999992	0.0	1.0	1.0	NULL
413.8999999999992	2.0	2.15	1.0	tstay_cswitch
416.04999999999916	0.0	0.5	1.0	NULL
416.54999999999916	3.0	2.15	1.0	tswitch_cswitch
418.699999999999	0.0	0.5	1.0	NULL
419.199999999999	3.0	2.15	1.0	tswitch_cswitch
421.349999999999	0.0	1.25	1.0	NULL
422.599999999999	3.0	2.15	1.0	tswitch_cswitch
424.74999999999903	0.0	0.5	1.0	NULL
425.24999999999903	3.0	2.15	1.0	tswitch_cswitch
427.39999999999895	0.0	0.25	1.0	NULL
427.64999999999895	2.0	2.15	1.0	tstay_cswitch
429.7999999999989	0.0	0.5	1.0	NULL
430.2999999999989	2.0	2.15	1.0	tstay_cswitch
432.44999999999885	0.0	0.25	1.0	NULL
432.69999999999885	3.0	2.15	1.0	tswitch_cswitch
434.84999999999883	0.0	0.25	1.0	NULL
435.09999999999883	3.0	2.15	1.0	tswitch_cswitch
437.24999999999886	0.0	0.25	1.0	NULL
437.49999999999886	1.0	2.15	1.0	tstay_cstay
439.64999999999884	0.0	0.25	1.0	NULL
439.89999999999884	3.0	2.15	1.0	tswitch_cswitch
442.04999999999876	0.0	0.5	1.0	NULL
442.54999999999876	3.0	2.15	1.0	tswitch_cswitch
444.6999999999988	0.0	0.5	1.0	NULL
445.1999999999988	3.0	2.15	1.0	tswitch_cswitch
447.3499999999988	0.0	0.0	1.0	NULL
447.3499999999988	3.0	2.15	1.0	tswitch_cswitch
449.4999999999988	0.0	0.5	1.0	NULL
449.9999999999988	3.0	2.15	1.0	tswitch_cswitch
452.1499999999987	0.0	1.25	1.0	NULL
453.3999999999987	3.0	2.15	1.0	tswitch_cswitch
455.5499999999987	0.0	0.25	1.0	NULL
455.7999999999987	1.0	2.15	1.0	tstay_cstay
457.9499999999987	0.0	1.0	1.0	NULL
458.9499999999987	3.0	2.15	1.0	tswitch_cswitch
461.0999999999986	0.0	0.25	1.0	NULL
461.3499999999986	2.0	2.15	1.0	tstay_cswitch
463.4999999999985	0.0	0.0	1.0	NULL
463.4999999999985	1.0	2.15	1.0	tstay_cstay
465.6499999999986	0.0	0.25	1.0	NULL
465.8999999999986	1.0	2.15	1.0	tstay_cstay
468.04999999999865	0.0	0.0	1.0	NULL
468.04999999999865	3.0	2.15	1.0	tswitch_cswitch
470.19999999999857	0.0	0.75	1.0	NULL
470.94999999999857	3.0	2.15	1.0	tswitch_cswitch
473.09999999999854	0.0	0.75	1.0	NULL
473.84999999999854	1.0	2.15	1.0	tstay_cstay
475.99999999999847	0.0	0.75	1.0	NULL
476.74999999999847	1.0	2.15	1.0	tstay_cstay
478.8999999999985	0.0	0.25	1.0	NULL
479.1499999999985	3.0	2.15	1.0	tswitch_cswitch
481.2999999999985	0.0	0.25	1.0	NULL
481.5499999999985	1.0	2.15	1.0	tstay_cstay
483.69999999999845	0.0	0.25	1.0	NULL
483.94999999999845	3.0	2.15	1.0	tswitch_cswitch
486.0999999999984	0.0	1.0	1.0	NULL
487.0999999999984	2.0	2.15	1.0	tstay_cswitch
499.2499999999984	0.0	0.5	1.0	NULL
499.7499999999984	3.0	2.15	1.0	tswitch_cswitch
501.8999999999984	0.0	1.0	1.0	NULL
502.8999999999984	3.0	2.15	1.0	tswitch_cswitch
505.0499999999984	0.0	0.0	1.0	NULL
505.0499999999984	3.0	2.15	1.0	tswitch_cswitch
507.1999999999984	0.0	0.25	1.0	NULL
507.4499999999984	2.0	2.15	1.0	tstay_cswitch
509.5999999999983	0.0	0.25	1.0	NULL
509.8499999999983	1.0	2.15	1.0	tstay_cstay
511.9999999999983	0.0	0.25	1.0	NULL
512.2499999999983	1.0	2.15	1.0	tstay_cstay
514.3999999999983	0.0	0.0	1.0	NULL
514.3999999999983	1.0	2.15	1.0	tstay_cstay
516.5499999999981	0.0	0.25	1.0	NULL
516.7999999999981	2.0	2.15	1.0	tstay_cswitch
518.9499999999981	0.0	0.25	1.0	NULL
519.1999999999981	2.0	2.15	1.0	tstay_cswitch
521.3499999999982	0.0	0.25	1.0	NULL
521.5999999999982	3.0	2.15	1.0	tswitch_cswitch
523.7499999999982	0.0	0.75	1.0	NULL
524.4999999999982	2.0	2.15	1.0	tstay_cswitch
526.6499999999982	0.0	0.5	1.0	NULL
527.1499999999982	3.0	2.15	1.0	tswitch_cswitch
529.2999999999981	0.0	0.75	1.0	NULL
530.0499999999981	3.0	2.15	1.0	tswitch_cswitch
532.1999999999981	0.0	0.25	1.0	NULL
532.4499999999981	3.0	2.15	1.0	tswitch_cswitch
534.5999999999981	0.0	0.5	1.0	NULL
535.0999999999981	1.0	2.15	1.0	tstay_cstay
537.2499999999981	0.0	0.25	1.0	NULL
537.4999999999981	1.0	2.15	1.0	tstay_cstay
539.649999999998	0.0	0.5	1.0	NULL
540.149999999998	3.0	2.15	1.0	tswitch_cswitch
542.299999999998	0.0	1.0	1.0	NULL
543.299999999998	3.0	2.15	1.0	tswitch_cswitch
545.449999999998	0.0	0.25	1.0	NULL
545.699999999998	1.0	2.15	1.0	tstay_cstay
547.849999999998	0.0	0.25	1.0	NULL
548.099999999998	3.0	2.15	1.0	tswitch_cswitch
550.2499999999981	0.0	0.5	1.0	NULL
550.7499999999981	3.0	2.15	1.0	tswitch_cswitch
552.8999999999978	0.0	0.75	1.0	NULL
553.6499999999978	3.0	2.15	1.0	tswitch_cswitch
555.7999999999979	0.0	0.25	1.0	NULL
556.0499999999979	3.0	2.15	1.0	tswitch_cswitch
558.1999999999979	0.0	0.5	1.0	NULL
558.6999999999979	1.0	2.15	1.0	tstay_cstay
560.8499999999979	0.0	0.5	1.0	NULL
561.3499999999979	1.0	2.15	1.0	tstay_cstay
563.4999999999978	0.0	0.5	1.0	NULL
563.9999999999978	2.0	2.15	1.0	tstay_cswitch
566.1499999999978	0.0	0.75	1.0	NULL
566.8999999999978	1.0	2.15	1.0	tstay_cstay
569.0499999999978	0.0	1.0	1.0	NULL
570.0499999999978	1.0	2.15	1.0	tstay_cstay
572.1999999999978	0.0	0.25	1.0	NULL
572.4499999999978	1.0	2.15	1.0	tstay_cstay
574.5999999999977	0.0	0.5	1.0	NULL
575.0999999999977	3.0	2.15	1.0	tswitch_cswitch
577.2499999999978	0.0	0.25	1.0	NULL
577.4999999999978	3.0	2.15	1.0	tswitch_cswitch
579.6499999999978	0.0	0.25	1.0	NULL
579.8999999999978	1.0	2.15	1.0	tstay_cstay
582.0499999999978	0.0	0.25	1.0	NULL
582.2999999999978	3.0	2.15	1.0	tswitch_cswitch
584.4499999999978	0.0	0.5	1.0	NULL
584.9499999999978	2.0	2.15	1.0	tstay_cswitch
587.0999999999976	0.0	0.25	1.0	NULL
587.3499999999976	1.0	2.15	1.0	tstay_cstay
589.4999999999976	0.0	0.25	1.0	NULL
589.7499999999976	3.0	2.15	1.0	tswitch_cswitch
591.8999999999976	0.0	0.5	1.0	NULL
592.3999999999976	2.0	2.15	1.0	tstay_cswitch
594.5499999999977	0.0	0.5	1.0	NULL
595.0499999999977	2.0	2.15	1.0	tstay_cswitch
597.1999999999974	0.0	0.25	1.0	NULL
597.4499999999974	1.0	2.15	1.0	tstay_cstay
599.5999999999975	0.0	0.75	1.0	NULL
600.3499999999975	1.0	2.15	1.0	tstay_cstay
602.4999999999975	0.0	0.0	1.0	NULL
602.4999999999975	2.0	2.15	1.0	tstay_cswitch
604.6499999999975	0.0	0.5	1.0	NULL
605.1499999999975	3.0	2.15	1.0	tswitch_cswitch
607.2999999999975	0.0	0.5	1.0	NULL
607.7999999999975	3.0	2.15	1.0	tswitch_cswitch
609.9499999999974	0.0	0.5	1.0	NULL
610.4499999999974	3.0	2.15	1.0	tswitch_cswitch
612.5999999999974	0.0	0.25	1.0	NULL
612.8499999999974	3.0	2.15	1.0	tswitch_cswitch
614.9999999999974	0.0	0.25	1.0	NULL
615.2499999999974	3.0	2.15	1.0	tswitch_cswitch
617.3999999999974	0.0	0.25	1.0	NULL
617.6499999999974	2.0	2.15	1.0	tstay_cswitch
619.7999999999972	0.0	0.25	1.0	NULL
620.0499999999972	3.0	2.15	1.0	tswitch_cswitch
622.1999999999972	0.0	1.0	1.0	NULL
623.1999999999972	3.0	2.15	1.0	tswitch_cswitch
625.3499999999973	0.0	0.25	1.0	NULL
625.5999999999973	1.0	2.15	1.0	tstay_cstay
627.7499999999973	0.0	0.25	1.0	NULL
627.9999999999973	3.0	2.15	1.0	tswitch_cswitch
630.1499999999972	0.0	0.25	1.0	NULL
630.3999999999972	1.0	2.15	1.0	tstay_cstay
632.5499999999972	0.0	0.25	1.0	NULL
632.7999999999972	1.0	2.15	1.0	tstay_cstay
634.9499999999972	0.0	0.25	1.0	NULL
635.1999999999972	1.0	2.15	1.0	tstay_cstay
637.3499999999973	0.0	1.75	1.0	NULL
639.0999999999973	3.0	2.15	1.0	tswitch_cswitch
641.2499999999973	0.0	0.25	1.0	NULL
641.4999999999973	2.0	2.15	1.0	tstay_cswitch
643.6499999999971	0.0	0.75	1.0	NULL
644.3999999999971	3.0	2.15	1.0	tswitch_cswitch
646.5499999999971	0.0	1.25	1.0	NULL
647.7999999999971	2.0	2.15	1.0	tstay_cswitch
649.9499999999971	0.0	0.25	1.0	NULL
650.1999999999971	1.0	2.15	1.0	tstay_cstay
652.3499999999971	0.0	1.25	1.0	NULL
653.5999999999971	3.0	2.15	1.0	tswitch_cswitch
