0.0
4.549999999999999
12.0
22.349999999999998
24.749999999999996
27.149999999999995
29.549999999999994
35.349999999999994
43.29999999999999
67.64999999999999
81.90000000000002
84.80000000000003
87.20000000000003
89.60000000000004
92.50000000000004
99.95000000000006
102.35000000000007
107.90000000000008
110.30000000000008
112.70000000000009
115.3500000000001
120.6500000000001
124.05000000000011
133.5000000000001
138.30000000000013
140.70000000000013
145.75000000000014
158.40000000000015
161.05000000000015
170.25000000000017
172.65000000000018
177.4500000000002
184.9000000000002
187.3000000000002
189.70000000000022
195.75000000000023
201.55000000000024
203.95000000000024
222.10000000000028
227.4000000000003
232.4500000000003
248.10000000000034
255.55000000000032
260.6000000000003
278.65000000000015
281.0500000000001
285.8500000000001
290.65000000000003
293.05
295.45
297.84999999999997
302.6499999999999
321.09999999999985
323.49999999999983
334.09999999999974
343.69999999999965
348.4999999999996
360.9999999999995
363.39999999999947
388.24999999999926
399.59999999999917
401.99999999999915
408.2999999999991
413.34999999999906
418.399999999999
420.799999999999
428.4999999999989
439.9999999999988
448.19999999999874
456.39999999999867
476.2499999999986
481.29999999999853
483.9499999999985
486.8499999999985
489.24999999999847
507.0499999999983
517.6499999999983
522.9499999999982
530.6499999999982
536.1999999999981
540.9999999999981
544.149999999998
546.549999999998
566.9999999999978
569.3999999999978
581.1499999999977
594.1499999999976
596.2999999999976
608.0499999999975
610.6999999999974
