6.949999999999999
9.6
31.699999999999996
48.59999999999999
73.85
102.50000000000006
114.50000000000009
116.90000000000009
119.8000000000001
140.50000000000014
147.95000000000016
169.80000000000018
172.2000000000002
178.7500000000002
184.3000000000002
186.70000000000022
192.25000000000023
200.20000000000024
205.50000000000026
245.65000000000035
248.05000000000035
268.7500000000002
276.45000000000016
287.55000000000007
297.9
341.4499999999997
344.0999999999997
356.59999999999957
382.59999999999934
387.3999999999993
399.6499999999992
402.29999999999916
405.19999999999914
437.49999999999886
455.7999999999987
463.49999999999864
465.8999999999986
473.84999999999854
476.7499999999985
481.5499999999985
509.8499999999983
512.2499999999983
514.3999999999983
535.0999999999981
537.4999999999981
545.699999999998
558.6999999999979
561.3499999999979
566.8999999999978
570.0499999999978
572.4499999999978
579.8999999999977
587.3499999999976
597.4499999999975
600.3499999999975
625.5999999999973
630.3999999999972
632.7999999999972
635.1999999999972
650.1999999999971
