0.0
12.25
14.65
17.55
19.95
24.499999999999996
26.899999999999995
29.299999999999994
34.349999999999994
36.99999999999999
43.79999999999999
46.19999999999999
53.649999999999984
55.79999999999998
61.09999999999998
71.44999999999999
76.25
84.70000000000002
87.10000000000002
89.75000000000003
92.40000000000003
94.80000000000004
97.45000000000005
107.55000000000007
124.60000000000011
130.40000000000012
133.30000000000013
138.10000000000014
142.90000000000015
163.75000000000017
166.90000000000018
175.1000000000002
181.1500000000002
189.85000000000022
203.10000000000025
207.90000000000026
210.30000000000027
219.9000000000003
224.7000000000003
227.1000000000003
232.65000000000032
239.85000000000034
243.25000000000034
250.70000000000036
258.6500000000003
261.5500000000003
263.9500000000003
273.8000000000002
279.35000000000014
282.2500000000001
285.1500000000001
290.45000000000005
292.6
305.5999999999999
312.79999999999984
317.5999999999998
332.9999999999998
335.39999999999975
346.74999999999966
349.14999999999964
351.5499999999996
353.9499999999996
361.6499999999995
364.0499999999995
366.6999999999995
369.09999999999945
372.49999999999943
375.3999999999994
384.9999999999993
391.94999999999925
394.3499999999992
396.9999999999992
407.5999999999991
410.7499999999991
416.54999999999905
419.199999999999
422.599999999999
425.249999999999
432.6999999999989
435.0999999999989
439.89999999999884
442.5499999999988
445.1999999999988
447.3499999999988
449.99999999999875
453.3999999999987
458.9499999999987
468.0499999999986
470.94999999999857
479.1499999999985
483.94999999999845
499.7499999999984
502.8999999999984
505.04999999999836
521.5999999999982
527.1499999999982
530.0499999999981
532.4499999999981
540.149999999998
543.299999999998
548.099999999998
550.749999999998
553.6499999999979
556.0499999999979
575.0999999999977
577.4999999999977
582.2999999999977
589.7499999999976
605.1499999999975
607.7999999999975
610.4499999999974
612.8499999999974
615.2499999999974
620.0499999999973
623.1999999999973
627.9999999999973
639.0999999999972
644.3999999999971
653.5999999999971
