0.0	0.0	0.0	1.0	NULL
0.0	1.0	2.5	1.0	td_same
2.5	0.0	1.0	1.0	NULL
3.5	1.0	2.5	1.0	td_same
6.0	0.0	0.5	1.0	NULL
6.5	1.0	2.5	1.0	td_same
9.0	0.0	1.0	1.0	NULL
10.0	1.0	2.5	1.0	td_same
12.5	0.0	0.25	1.0	NULL
12.75	3.0	2.5	1.0	td_na
15.25	0.0	0.25	1.0	NULL
15.5	1.0	2.5	1.0	td_same
18.0	0.0	0.25	1.0	NULL
18.25	1.0	2.5	1.0	td_same
20.75	0.0	0.25	1.0	NULL
21.0	1.0	2.5	1.0	td_same
23.5	0.0	0.25	1.0	NULL
23.75	3.0	2.5	1.0	td_na
26.25	0.0	0.5	1.0	NULL
26.75	2.0	2.5	1.0	td_diff
29.25	0.0	0.5	1.0	NULL
29.75	1.0	2.5	1.0	td_same
32.25	0.0	0.25	1.0	NULL
32.5	2.0	2.5	1.0	td_diff
35.0	0.0	0.25	1.0	NULL
35.25	3.0	2.5	1.0	td_na
37.75	0.0	0.75	1.0	NULL
38.5	3.0	2.5	1.0	td_na
41.0	0.0	0.25	1.0	NULL
41.25	3.0	2.5	1.0	td_na
43.75	0.0	0.25	1.0	NULL
44.0	2.0	2.5	1.0	td_diff
46.5	0.0	0.0	1.0	NULL
46.5	3.0	2.5	1.0	td_na
49.0	0.0	0.25	1.0	NULL
49.25	1.0	2.5	1.0	td_same
51.75	0.0	0.75	1.0	NULL
52.5	1.0	2.5	1.0	td_same
55.0	0.0	0.25	1.0	NULL
55.25	2.0	2.5	1.0	td_diff
57.75	0.0	0.5	1.0	NULL
58.25	3.0	2.5	1.0	td_na
60.75	0.0	2.25	1.0	NULL
63.0	2.0	2.5	1.0	td_diff
65.5	0.0	0.25	1.0	NULL
65.75	2.0	2.5	1.0	td_diff
68.25	0.0	0.25	1.0	NULL
68.5	2.0	2.5	1.0	td_diff
71.0	0.0	0.25	1.0	NULL
71.25	2.0	2.5	1.0	td_diff
73.75	0.0	1.25	1.0	NULL
75.0	3.0	2.5	1.0	td_na
77.5	0.0	0.5	1.0	NULL
78.0	3.0	2.5	1.0	td_na
80.5	0.0	0.75	1.0	NULL
81.25	2.0	2.5	1.0	td_diff
83.75	0.0	0.25	1.0	NULL
84.0	1.0	2.5	1.0	td_same
86.5	0.0	0.75	1.0	NULL
87.25	2.0	2.5	1.0	td_diff
89.75	0.0	0.0	1.0	NULL
89.75	2.0	2.5	1.0	td_diff
92.25	0.0	0.75	1.0	NULL
93.0	2.0	2.5	1.0	td_diff
95.5	0.0	0.5	1.0	NULL
96.0	2.0	2.5	1.0	td_diff
98.5	0.0	0.25	1.0	NULL
98.75	2.0	2.5	1.0	td_diff
101.25	0.0	0.25	1.0	NULL
101.5	3.0	2.5	1.0	td_na
104.0	0.0	0.25	1.0	NULL
104.25	3.0	2.5	1.0	td_na
106.75	0.0	0.25	1.0	NULL
107.0	1.0	2.5	1.0	td_same
109.5	0.0	1.5	1.0	NULL
111.0	3.0	2.5	1.0	td_na
113.5	0.0	0.25	1.0	NULL
113.75	2.0	2.5	1.0	td_diff
116.25	0.0	0.25	1.0	NULL
116.5	1.0	2.5	1.0	td_same
119.0	0.0	0.75	1.0	NULL
119.75	2.0	2.5	1.0	td_diff
122.25	0.0	1.25	1.0	NULL
123.5	2.0	2.5	1.0	td_diff
136.0	0.0	0.25	1.0	NULL
136.25	3.0	2.5	1.0	td_na
138.75	0.0	0.25	1.0	NULL
139.0	3.0	2.5	1.0	td_na
141.5	0.0	0.25	1.0	NULL
141.75	2.0	2.5	1.0	td_diff
144.25	0.0	0.25	1.0	NULL
144.5	2.0	2.5	1.0	td_diff
147.0	0.0	0.25	1.0	NULL
147.25	1.0	2.5	1.0	td_same
149.75	0.0	0.5	1.0	NULL
150.25	1.0	2.5	1.0	td_same
152.75	0.0	0.5	1.0	NULL
153.25	2.0	2.5	1.0	td_diff
155.75	0.0	1.0	1.0	NULL
156.75	1.0	2.5	1.0	td_same
159.25	0.0	0.25	1.0	NULL
159.5	2.0	2.5	1.0	td_diff
162.0	0.0	0.25	1.0	NULL
162.25	2.0	2.5	1.0	td_diff
164.75	0.0	0.5	1.0	NULL
165.25	3.0	2.5	1.0	td_na
167.75	0.0	1.25	1.0	NULL
169.0	2.0	2.5	1.0	td_diff
171.5	0.0	0.5	1.0	NULL
172.0	2.0	2.5	1.0	td_diff
174.5	0.0	0.75	1.0	NULL
175.25	2.0	2.5	1.0	td_diff
177.75	0.0	0.25	1.0	NULL
178.0	3.0	2.5	1.0	td_na
180.5	0.0	0.25	1.0	NULL
180.75	3.0	2.5	1.0	td_na
183.25	0.0	0.5	1.0	NULL
183.75	2.0	2.5	1.0	td_diff
186.25	0.0	1.75	1.0	NULL
188.0	3.0	2.5	1.0	td_na
190.5	0.0	0.25	1.0	NULL
190.75	2.0	2.5	1.0	td_diff
193.25	0.0	0.25	1.0	NULL
193.5	1.0	2.5	1.0	td_same
196.0	0.0	1.5	1.0	NULL
197.5	3.0	2.5	1.0	td_na
200.0	0.0	0.5	1.0	NULL
200.5	2.0	2.5	1.0	td_diff
203.0	0.0	0.5	1.0	NULL
203.5	3.0	2.5	1.0	td_na
206.0	0.0	0.25	1.0	NULL
206.25	2.0	2.5	1.0	td_diff
208.75	0.0	1.0	1.0	NULL
209.75	2.0	2.5	1.0	td_diff
212.25	0.0	0.25	1.0	NULL
212.5	3.0	2.5	1.0	td_na
215.0	0.0	0.75	1.0	NULL
215.75	2.0	2.5	1.0	td_diff
218.25	0.0	0.5	1.0	NULL
218.75	1.0	2.5	1.0	td_same
221.25	0.0	0.25	1.0	NULL
221.5	1.0	2.5	1.0	td_same
224.0	0.0	0.25	1.0	NULL
224.25	1.0	2.5	1.0	td_same
226.75	0.0	1.25	1.0	NULL
228.0	3.0	2.5	1.0	td_na
230.5	0.0	0.5	1.0	NULL
231.0	3.0	2.5	1.0	td_na
233.5	0.0	0.25	1.0	NULL
233.75	1.0	2.5	1.0	td_same
236.25	0.0	0.25	1.0	NULL
236.5	1.0	2.5	1.0	td_same
239.0	0.0	0.25	1.0	NULL
239.25	3.0	2.5	1.0	td_na
241.75	0.0	0.25	1.0	NULL
242.0	1.0	2.5	1.0	td_same
244.5	0.0	1.25	1.0	NULL
245.75	2.0	2.5	1.0	td_diff
248.25	0.0	0.25	1.0	NULL
248.5	1.0	2.5	1.0	td_same
251.0	0.0	1.0	1.0	NULL
252.0	3.0	2.5	1.0	td_na
254.5	0.0	1.75	1.0	NULL
256.25	2.0	2.5	1.0	td_diff
258.75	0.0	0.5	1.0	NULL
259.25	2.0	2.5	1.0	td_diff
261.75	0.0	1.0	1.0	NULL
262.75	3.0	2.5	1.0	td_na
275.25	0.0	0.5	1.0	NULL
275.75	3.0	2.5	1.0	td_na
278.25	0.0	0.25	1.0	NULL
278.5	2.0	2.5	1.0	td_diff
281.0	0.0	0.25	1.0	NULL
281.25	1.0	2.5	1.0	td_same
283.75	0.0	0.75	1.0	NULL
284.5	2.0	2.5	1.0	td_diff
287.0	0.0	1.5	1.0	NULL
288.5	1.0	2.5	1.0	td_same
291.0	0.0	0.25	1.0	NULL
291.25	1.0	2.5	1.0	td_same
293.75	0.0	0.25	1.0	NULL
294.0	2.0	2.5	1.0	td_diff
296.5	0.0	0.5	1.0	NULL
297.0	2.0	2.5	1.0	td_diff
299.5	0.0	0.5	1.0	NULL
300.0	3.0	2.5	1.0	td_na
302.5	0.0	1.0	1.0	NULL
303.5	1.0	2.5	1.0	td_same
306.0	0.0	0.25	1.0	NULL
306.25	2.0	2.5	1.0	td_diff
308.75	0.0	0.5	1.0	NULL
309.25	1.0	2.5	1.0	td_same
311.75	0.0	0.25	1.0	NULL
312.0	2.0	2.5	1.0	td_diff
314.5	0.0	0.25	1.0	NULL
314.75	2.0	2.5	1.0	td_diff
317.25	0.0	0.5	1.0	NULL
317.75	2.0	2.5	1.0	td_diff
320.25	0.0	0.25	1.0	NULL
320.5	3.0	2.5	1.0	td_na
323.0	0.0	0.5	1.0	NULL
323.5	2.0	2.5	1.0	td_diff
326.0	0.0	0.5	1.0	NULL
326.5	1.0	2.5	1.0	td_same
329.0	0.0	0.5	1.0	NULL
329.5	1.0	2.5	1.0	td_same
332.0	0.0	0.25	1.0	NULL
332.25	2.0	2.5	1.0	td_diff
334.75	0.0	0.25	1.0	NULL
335.0	3.0	2.5	1.0	td_na
337.5	0.0	0.25	1.0	NULL
337.75	3.0	2.5	1.0	td_na
340.25	0.0	0.75	1.0	NULL
341.0	1.0	2.5	1.0	td_same
343.5	0.0	0.25	1.0	NULL
343.75	2.0	2.5	1.0	td_diff
346.25	0.0	0.25	1.0	NULL
346.5	2.0	2.5	1.0	td_diff
349.0	0.0	0.5	1.0	NULL
349.5	1.0	2.5	1.0	td_same
352.0	0.0	0.5	1.0	NULL
352.5	2.0	2.5	1.0	td_diff
355.0	0.0	0.5	1.0	NULL
355.5	2.0	2.5	1.0	td_diff
358.0	0.0	0.25	1.0	NULL
358.25	1.0	2.5	1.0	td_same
360.75	0.0	0.25	1.0	NULL
361.0	3.0	2.5	1.0	td_na
363.5	0.0	1.25	1.0	NULL
364.75	2.0	2.5	1.0	td_diff
367.25	0.0	0.0	1.0	NULL
367.25	2.0	2.5	1.0	td_diff
369.75	0.0	2.25	1.0	NULL
372.0	3.0	2.5	1.0	td_na
374.5	0.0	0.25	1.0	NULL
374.75	3.0	2.5	1.0	td_na
377.25	0.0	0.25	1.0	NULL
377.5	3.0	2.5	1.0	td_na
380.0	0.0	0.25	1.0	NULL
380.25	3.0	2.5	1.0	td_na
382.75	0.0	0.25	1.0	NULL
383.0	3.0	2.5	1.0	td_na
385.5	0.0	0.25	1.0	NULL
385.75	1.0	2.5	1.0	td_same
388.25	0.0	0.25	1.0	NULL
388.5	1.0	2.5	1.0	td_same
391.0	0.0	0.25	1.0	NULL
391.25	1.0	2.5	1.0	td_same
393.75	0.0	0.25	1.0	NULL
394.0	1.0	2.5	1.0	td_same
396.5	0.0	0.0	1.0	NULL
396.5	2.0	2.5	1.0	td_diff
409.0	0.0	0.25	1.0	NULL
409.25	1.0	2.5	1.0	td_same
411.75	0.0	0.25	1.0	NULL
412.0	1.0	2.5	1.0	td_same
414.5	0.0	0.75	1.0	NULL
415.25	1.0	2.5	1.0	td_same
417.75	0.0	0.25	1.0	NULL
418.0	2.0	2.5	1.0	td_diff
420.5	0.0	0.25	1.0	NULL
420.75	3.0	2.5	1.0	td_na
423.25	0.0	0.5	1.0	NULL
423.75	1.0	2.5	1.0	td_same
426.25	0.0	0.75	1.0	NULL
427.0	1.0	2.5	1.0	td_same
429.5	0.0	0.25	1.0	NULL
429.75	2.0	2.5	1.0	td_diff
432.25	0.0	0.5	1.0	NULL
432.75	2.0	2.5	1.0	td_diff
435.25	0.0	0.25	1.0	NULL
435.5	2.0	2.5	1.0	td_diff
438.0	0.0	0.25	1.0	NULL
438.25	1.0	2.5	1.0	td_same
440.75	0.0	0.75	1.0	NULL
441.5	2.0	2.5	1.0	td_diff
444.0	0.0	0.5	1.0	NULL
444.5	1.0	2.5	1.0	td_same
447.0	0.0	0.0	1.0	NULL
447.0	1.0	2.5	1.0	td_same
449.5	0.0	0.75	1.0	NULL
450.25	3.0	2.5	1.0	td_na
452.75	0.0	0.25	1.0	NULL
453.0	2.0	2.5	1.0	td_diff
455.5	0.0	0.25	1.0	NULL
455.75	2.0	2.5	1.0	td_diff
458.25	0.0	1.0	1.0	NULL
459.25	1.0	2.5	1.0	td_same
461.75	0.0	0.25	1.0	NULL
462.0	3.0	2.5	1.0	td_na
464.5	0.0	0.75	1.0	NULL
465.25	3.0	2.5	1.0	td_na
467.75	0.0	0.0	1.0	NULL
467.75	2.0	2.5	1.0	td_diff
470.25	0.0	0.25	1.0	NULL
470.5	2.0	2.5	1.0	td_diff
473.0	0.0	0.5	1.0	NULL
473.5	2.0	2.5	1.0	td_diff
476.0	0.0	0.25	1.0	NULL
476.25	2.0	2.5	1.0	td_diff
478.75	0.0	0.5	1.0	NULL
479.25	2.0	2.5	1.0	td_diff
481.75	0.0	0.25	1.0	NULL
482.0	1.0	2.5	1.0	td_same
484.5	0.0	0.25	1.0	NULL
484.75	2.0	2.5	1.0	td_diff
487.25	0.0	0.25	1.0	NULL
487.5	2.0	2.5	1.0	td_diff
490.0	0.0	0.25	1.0	NULL
490.25	3.0	2.5	1.0	td_na
492.75	0.0	1.0	1.0	NULL
493.75	2.0	2.5	1.0	td_diff
496.25	0.0	2.25	1.0	NULL
498.5	2.0	2.5	1.0	td_diff
501.0	0.0	0.25	1.0	NULL
501.25	2.0	2.5	1.0	td_diff
503.75	0.0	0.25	1.0	NULL
504.0	2.0	2.5	1.0	td_diff
506.5	0.0	0.5	1.0	NULL
507.0	3.0	2.5	1.0	td_na
509.5	0.0	0.75	1.0	NULL
510.25	1.0	2.5	1.0	td_same
512.75	0.0	0.25	1.0	NULL
513.0	3.0	2.5	1.0	td_na
515.5	0.0	0.25	1.0	NULL
515.75	2.0	2.5	1.0	td_diff
518.25	0.0	1.5	1.0	NULL
519.75	2.0	2.5	1.0	td_diff
522.25	0.0	0.25	1.0	NULL
522.5	2.0	2.5	1.0	td_diff
525.0	0.0	0.25	1.0	NULL
525.25	3.0	2.5	1.0	td_na
527.75	0.0	0.75	1.0	NULL
528.5	3.0	2.5	1.0	td_na
531.0	0.0	0.0	1.0	NULL
531.0	1.0	2.5	1.0	td_same
