18.25
31.25
34.25
40.5
46.25
49.25
57.5
69.5
72.25
78.5
81.25
84.0
95.25
101.25
107.0
110.5
116.75
120.0
123.0
128.5
134.25
140.5
143.25
157.25
160.25
180.5
183.25
189.25
197.25
200.75
206.75
209.5
212.25
215.0
229.25
232.0
238.25
252.75
255.75
262.25
270.25
285.25
289.0
294.5
303.75
310.0
317.75
323.75
329.5
338.75
357.25
360.75
378.0
383.75
397.0
401.0
409.25
415.0
418.0
420.5
423.25
441.5
447.0
455.25
458.5
470.25
478.0
483.75
492.25
495.25
498.5
522.25
541.0
549.5
558.25
561.0
563.75
567.25
570.5
576.0
585.75
609.5
612.0
618.5
622.0
627.5
630.25
636.25
646.0
666.75
672.75
675.75
678.5
690.0
696.25
