37.086000000000006
44.38400000000001
51.68200000000001
74.17200000000001
81.17200000000001
89.662
112.45000000000002
128.23800000000003
235.47600000000006
251.26400000000007
302.0520000000001
323.6480000000001
346.4360000000001
353.7340000000001
408.1180000000001
483.18400000000014
529.0580000000001
559.1440000000001
566.4420000000001
573.7400000000001
588.9320000000001
635.4020000000002
686.7860000000002
748.4680000000002
763.3620000000002
778.5540000000002
801.6400000000002
823.8320000000002
831.4280000000002
838.7260000000002
853.3220000000002
868.2160000000002
882.8120000000002
906.4940000000003
913.7920000000003
928.9840000000003
936.2820000000003
950.8780000000003
959.9640000000003
967.2620000000003
988.8580000000003
1003.4540000000003
1046.9440000000002
1061.8380000000002
1069.1360000000002
1076.4340000000002
