0.0	0.0	0.0	1.0	NULL
0.0	4.0	2.0	1.0	stop_incongruent
2.0	0.0	0.298	1.0	NULL
2.298	2.0	2.0	1.0	go_incongruent
4.298	0.0	0.596	1.0	NULL
4.894	1.0	2.0	1.0	go_congruent
6.894	0.0	1.192	1.0	NULL
8.086	2.0	2.0	1.0	go_incongruent
10.086	0.0	0.298	1.0	NULL
10.384	3.0	2.0	1.0	stop_congruent
12.384	0.0	0.298	1.0	NULL
12.682	1.0	2.0	1.0	go_congruent
14.682	0.0	0.298	1.0	NULL
14.98	4.0	2.0	1.0	stop_incongruent
16.98	0.0	0.298	1.0	NULL
17.278	2.0	2.0	1.0	go_incongruent
19.278000000000002	0.0	0.298	1.0	NULL
19.576	1.0	2.0	1.0	go_congruent
21.576	0.0	0.8939999999999999	1.0	NULL
22.47	1.0	2.0	1.0	go_congruent
24.470000000000002	0.0	0.298	1.0	NULL
24.768	4.0	2.0	1.0	stop_incongruent
26.768	0.0	0.0	1.0	NULL
26.768	1.0	2.0	1.0	go_congruent
28.768000000000008	0.0	0.298	1.0	NULL
29.066000000000006	1.0	2.0	1.0	go_congruent
31.066000000000006	0.0	0.0	1.0	NULL
31.066000000000006	4.0	2.0	1.0	stop_incongruent
33.066	0.0	0.298	1.0	NULL
33.364000000000004	1.0	2.0	1.0	go_congruent
35.364000000000004	0.0	0.298	1.0	NULL
35.662000000000006	4.0	2.0	1.0	stop_incongruent
37.662000000000006	0.0	1.192	1.0	NULL
38.854000000000006	3.0	2.0	1.0	stop_congruent
40.854000000000006	0.0	0.596	1.0	NULL
41.45	3.0	2.0	1.0	stop_congruent
43.45000000000001	0.0	0.596	1.0	NULL
44.04600000000001	1.0	2.0	1.0	go_congruent
46.04600000000001	0.0	0.298	1.0	NULL
46.34400000000001	1.0	2.0	1.0	go_congruent
48.344000000000015	0.0	0.596	1.0	NULL
48.94000000000001	2.0	2.0	1.0	go_incongruent
50.94000000000001	0.0	0.8939999999999999	1.0	NULL
51.83400000000001	1.0	2.0	1.0	go_congruent
53.83400000000001	0.0	0.0	1.0	NULL
53.83400000000001	1.0	2.0	1.0	go_congruent
55.83400000000001	0.0	0.298	1.0	NULL
56.13200000000001	1.0	2.0	1.0	go_congruent
58.13200000000001	0.0	0.0	1.0	NULL
58.13200000000001	3.0	2.0	1.0	stop_congruent
60.13200000000002	0.0	0.298	1.0	NULL
60.43000000000002	3.0	2.0	1.0	stop_congruent
62.430000000000014	0.0	1.49	1.0	NULL
63.920000000000016	2.0	2.0	1.0	go_incongruent
65.92000000000002	0.0	0.298	1.0	NULL
66.21800000000002	2.0	2.0	1.0	go_incongruent
68.21800000000002	0.0	0.8939999999999999	1.0	NULL
69.11200000000002	4.0	2.0	1.0	stop_incongruent
71.11200000000002	0.0	0.298	1.0	NULL
71.41000000000003	1.0	2.0	1.0	go_congruent
73.41000000000003	0.0	0.8939999999999999	1.0	NULL
74.30400000000003	2.0	2.0	1.0	go_incongruent
76.30400000000006	0.0	1.192	1.0	NULL
77.49600000000005	3.0	2.0	1.0	stop_congruent
79.49600000000005	0.0	0.298	1.0	NULL
79.79400000000005	2.0	2.0	1.0	go_incongruent
81.79400000000004	0.0	0.596	1.0	NULL
82.39000000000004	1.0	2.0	1.0	go_congruent
84.39000000000004	0.0	0.298	1.0	NULL
84.68800000000005	4.0	2.0	1.0	stop_incongruent
86.68800000000003	0.0	0.298	1.0	NULL
86.98600000000003	3.0	2.0	1.0	stop_congruent
88.98600000000003	0.0	0.596	1.0	NULL
89.58200000000004	2.0	2.0	1.0	go_incongruent
91.58200000000004	0.0	0.0	1.0	NULL
91.58200000000004	4.0	2.0	1.0	stop_incongruent
93.58200000000004	0.0	0.298	1.0	NULL
93.88000000000004	4.0	2.0	1.0	stop_incongruent
95.88000000000004	0.0	0.0	1.0	NULL
95.88000000000004	4.0	2.0	1.0	stop_incongruent
97.88000000000004	0.0	0.298	1.0	NULL
98.17800000000004	2.0	2.0	1.0	go_incongruent
100.17800000000005	0.0	0.596	1.0	NULL
100.77400000000006	1.0	2.0	1.0	go_congruent
102.77400000000006	0.0	0.596	1.0	NULL
103.37000000000006	3.0	2.0	1.0	stop_congruent
105.37000000000008	0.0	0.596	1.0	NULL
105.96600000000008	2.0	2.0	1.0	go_incongruent
107.96600000000008	0.0	0.298	1.0	NULL
108.26400000000008	1.0	2.0	1.0	go_congruent
110.26400000000008	0.0	0.0	1.0	NULL
110.26400000000008	1.0	2.0	1.0	go_congruent
112.26400000000007	0.0	0.8939999999999999	1.0	NULL
113.15800000000007	1.0	2.0	1.0	go_congruent
115.15800000000007	0.0	0.596	1.0	NULL
115.75400000000008	1.0	2.0	1.0	go_congruent
117.75400000000008	0.0	0.596	1.0	NULL
118.35000000000008	1.0	2.0	1.0	go_congruent
120.35000000000008	0.0	0.0	1.0	NULL
120.35000000000008	1.0	2.0	1.0	go_congruent
122.35000000000008	0.0	0.298	1.0	NULL
122.64800000000008	4.0	2.0	1.0	stop_incongruent
124.64800000000007	0.0	0.596	1.0	NULL
125.24400000000007	1.0	2.0	1.0	go_congruent
127.24400000000007	0.0	0.596	1.0	NULL
127.84000000000007	3.0	2.0	1.0	stop_congruent
129.8400000000001	0.0	0.8939999999999999	1.0	NULL
130.7340000000001	1.0	2.0	1.0	go_congruent
132.7340000000001	0.0	0.298	1.0	NULL
133.0320000000001	2.0	2.0	1.0	go_incongruent
135.0320000000001	0.0	0.298	1.0	NULL
135.3300000000001	4.0	2.0	1.0	stop_incongruent
137.3300000000001	0.0	0.298	1.0	NULL
137.6280000000001	4.0	2.0	1.0	stop_incongruent
139.6280000000001	0.0	0.0	1.0	NULL
139.6280000000001	2.0	2.0	1.0	go_incongruent
141.6280000000001	0.0	0.298	1.0	NULL
141.9260000000001	4.0	2.0	1.0	stop_incongruent
143.9260000000001	0.0	0.298	1.0	NULL
144.2240000000001	2.0	2.0	1.0	go_incongruent
156.2240000000001	0.0	0.298	1.0	NULL
156.5220000000001	4.0	2.0	1.0	stop_incongruent
158.5220000000001	0.0	0.298	1.0	NULL
158.8200000000001	1.0	2.0	1.0	go_congruent
160.8200000000001	0.0	0.0	1.0	NULL
160.8200000000001	1.0	2.0	1.0	go_congruent
162.8200000000001	0.0	0.298	1.0	NULL
163.1180000000001	1.0	2.0	1.0	go_congruent
165.11800000000008	0.0	0.298	1.0	NULL
165.41600000000008	3.0	2.0	1.0	stop_congruent
167.4160000000001	0.0	1.49	1.0	NULL
168.90600000000012	2.0	2.0	1.0	go_incongruent
170.90600000000012	0.0	0.298	1.0	NULL
171.20400000000012	3.0	2.0	1.0	stop_congruent
173.20400000000012	0.0	0.298	1.0	NULL
173.50200000000012	4.0	2.0	1.0	stop_incongruent
175.50200000000012	0.0	0.298	1.0	NULL
175.80000000000013	2.0	2.0	1.0	go_incongruent
177.80000000000013	0.0	0.298	1.0	NULL
178.09800000000013	2.0	2.0	1.0	go_incongruent
180.0980000000001	0.0	0.298	1.0	NULL
180.3960000000001	2.0	2.0	1.0	go_incongruent
182.3960000000001	0.0	0.8939999999999999	1.0	NULL
183.2900000000001	1.0	2.0	1.0	go_congruent
185.2900000000001	0.0	0.298	1.0	NULL
185.5880000000001	1.0	2.0	1.0	go_congruent
187.5880000000001	0.0	0.298	1.0	NULL
187.8860000000001	3.0	2.0	1.0	stop_congruent
189.8860000000001	0.0	0.0	1.0	NULL
189.8860000000001	4.0	2.0	1.0	stop_incongruent
191.8860000000001	0.0	0.298	1.0	NULL
192.1840000000001	1.0	2.0	1.0	go_congruent
194.1840000000001	0.0	0.298	1.0	NULL
194.4820000000001	3.0	2.0	1.0	stop_congruent
196.4820000000001	0.0	0.8939999999999999	1.0	NULL
197.37600000000012	1.0	2.0	1.0	go_congruent
199.37600000000012	0.0	0.596	1.0	NULL
199.97200000000012	1.0	2.0	1.0	go_congruent
201.97200000000012	0.0	0.298	1.0	NULL
202.27000000000012	3.0	2.0	1.0	stop_congruent
204.27000000000012	0.0	0.298	1.0	NULL
204.56800000000013	1.0	2.0	1.0	go_congruent
206.56800000000013	0.0	0.0	1.0	NULL
206.56800000000013	3.0	2.0	1.0	stop_congruent
208.56800000000015	0.0	0.298	1.0	NULL
208.86600000000016	3.0	2.0	1.0	stop_congruent
210.86600000000016	0.0	0.8939999999999999	1.0	NULL
211.76000000000016	3.0	2.0	1.0	stop_congruent
213.76000000000016	0.0	0.0	1.0	NULL
213.76000000000016	3.0	2.0	1.0	stop_congruent
215.76000000000016	0.0	0.298	1.0	NULL
216.05800000000016	2.0	2.0	1.0	go_incongruent
218.05800000000016	0.0	0.298	1.0	NULL
218.35600000000017	3.0	2.0	1.0	stop_congruent
220.35600000000014	0.0	2.086	1.0	NULL
222.44200000000015	1.0	2.0	1.0	go_congruent
224.44200000000015	0.0	0.596	1.0	NULL
225.03800000000015	3.0	2.0	1.0	stop_congruent
227.03800000000015	0.0	0.298	1.0	NULL
227.33600000000015	4.0	2.0	1.0	stop_incongruent
229.33600000000015	0.0	0.298	1.0	NULL
229.63400000000016	4.0	2.0	1.0	stop_incongruent
231.63400000000019	0.0	0.298	1.0	NULL
231.9320000000002	1.0	2.0	1.0	go_congruent
233.9320000000002	0.0	0.8939999999999999	1.0	NULL
234.8260000000002	3.0	2.0	1.0	stop_congruent
236.8260000000002	0.0	0.298	1.0	NULL
237.1240000000002	1.0	2.0	1.0	go_congruent
239.1240000000002	0.0	0.8939999999999999	1.0	NULL
240.0180000000002	1.0	2.0	1.0	go_congruent
242.0180000000002	0.0	0.596	1.0	NULL
242.6140000000002	2.0	2.0	1.0	go_incongruent
244.61400000000017	0.0	0.298	1.0	NULL
244.91200000000018	3.0	2.0	1.0	stop_congruent
246.91200000000018	0.0	0.298	1.0	NULL
247.21000000000018	1.0	2.0	1.0	go_congruent
249.21000000000018	0.0	0.596	1.0	NULL
249.80600000000018	2.0	2.0	1.0	go_incongruent
251.80600000000018	0.0	0.0	1.0	NULL
251.80600000000018	1.0	2.0	1.0	go_congruent
253.80600000000018	0.0	0.298	1.0	NULL
254.10400000000018	2.0	2.0	1.0	go_incongruent
256.1040000000002	0.0	0.298	1.0	NULL
256.4020000000002	4.0	2.0	1.0	stop_incongruent
258.4020000000002	0.0	0.298	1.0	NULL
258.7000000000002	4.0	2.0	1.0	stop_incongruent
260.70000000000016	0.0	1.49	1.0	NULL
262.19000000000017	1.0	2.0	1.0	go_congruent
264.1900000000003	0.0	1.192	1.0	NULL
265.3820000000003	1.0	2.0	1.0	go_congruent
267.3820000000003	0.0	0.0	1.0	NULL
267.3820000000003	3.0	2.0	1.0	stop_congruent
269.3820000000003	0.0	0.298	1.0	NULL
269.6800000000003	1.0	2.0	1.0	go_congruent
271.6800000000003	0.0	0.596	1.0	NULL
272.2760000000003	1.0	2.0	1.0	go_congruent
274.27600000000024	0.0	0.298	1.0	NULL
274.57400000000024	1.0	2.0	1.0	go_congruent
276.57400000000024	0.0	0.298	1.0	NULL
276.87200000000024	4.0	2.0	1.0	stop_incongruent
278.87200000000024	0.0	0.8939999999999999	1.0	NULL
279.76600000000025	4.0	2.0	1.0	stop_incongruent
281.76600000000025	0.0	0.298	1.0	NULL
282.06400000000025	1.0	2.0	1.0	go_congruent
284.06400000000025	0.0	0.596	1.0	NULL
284.66000000000025	3.0	2.0	1.0	stop_congruent
286.66000000000025	0.0	0.0	1.0	NULL
286.66000000000025	2.0	2.0	1.0	go_incongruent
288.66000000000025	0.0	0.298	1.0	NULL
288.95800000000025	1.0	2.0	1.0	go_congruent
290.95800000000025	0.0	0.0	1.0	NULL
290.95800000000025	3.0	2.0	1.0	stop_congruent
292.95800000000025	0.0	0.298	1.0	NULL
293.25600000000026	4.0	2.0	1.0	stop_incongruent
295.25600000000026	0.0	0.298	1.0	NULL
295.55400000000026	3.0	2.0	1.0	stop_congruent
297.55400000000026	0.0	1.49	1.0	NULL
299.04400000000027	1.0	2.0	1.0	go_congruent
301.04400000000027	0.0	0.596	1.0	NULL
301.64000000000027	2.0	2.0	1.0	go_incongruent
313.6400000000003	0.0	0.298	1.0	NULL
313.93800000000033	4.0	2.0	1.0	stop_incongruent
315.9380000000003	0.0	1.7879999999999998	1.0	NULL
317.7260000000003	1.0	2.0	1.0	go_congruent
319.7260000000003	0.0	0.8939999999999999	1.0	NULL
320.6200000000003	2.0	2.0	1.0	go_incongruent
322.6200000000003	0.0	0.596	1.0	NULL
323.2160000000003	2.0	2.0	1.0	go_incongruent
325.2160000000003	0.0	0.298	1.0	NULL
325.5140000000003	2.0	2.0	1.0	go_incongruent
327.5140000000003	0.0	0.298	1.0	NULL
327.8120000000003	3.0	2.0	1.0	stop_congruent
329.8120000000003	0.0	0.298	1.0	NULL
330.1100000000003	1.0	2.0	1.0	go_congruent
332.1100000000003	0.0	0.298	1.0	NULL
332.4080000000003	4.0	2.0	1.0	stop_incongruent
334.4080000000003	0.0	0.8939999999999999	1.0	NULL
335.3020000000003	1.0	2.0	1.0	go_congruent
337.3020000000003	0.0	0.0	1.0	NULL
337.3020000000003	1.0	2.0	1.0	go_congruent
339.3020000000003	0.0	0.298	1.0	NULL
339.6000000000003	3.0	2.0	1.0	stop_congruent
341.6000000000003	0.0	0.298	1.0	NULL
341.8980000000003	1.0	2.0	1.0	go_congruent
343.8980000000003	0.0	0.596	1.0	NULL
344.4940000000003	1.0	2.0	1.0	go_congruent
346.4940000000003	0.0	0.596	1.0	NULL
347.0900000000003	4.0	2.0	1.0	stop_incongruent
349.0900000000003	0.0	1.192	1.0	NULL
350.2820000000003	1.0	2.0	1.0	go_congruent
352.2820000000003	0.0	0.298	1.0	NULL
352.5800000000003	2.0	2.0	1.0	go_incongruent
354.5800000000003	0.0	0.298	1.0	NULL
354.8780000000003	1.0	2.0	1.0	go_congruent
356.8780000000004	0.0	0.298	1.0	NULL
357.1760000000004	4.0	2.0	1.0	stop_incongruent
359.1760000000004	0.0	0.0	1.0	NULL
359.1760000000004	2.0	2.0	1.0	go_incongruent
361.17600000000033	0.0	0.298	1.0	NULL
361.47400000000033	3.0	2.0	1.0	stop_congruent
363.47400000000033	0.0	0.298	1.0	NULL
363.77200000000033	1.0	2.0	1.0	go_congruent
365.77200000000033	0.0	0.0	1.0	NULL
365.77200000000033	2.0	2.0	1.0	go_incongruent
367.7720000000003	0.0	0.298	1.0	NULL
368.0700000000003	3.0	2.0	1.0	stop_congruent
370.0700000000003	0.0	0.596	1.0	NULL
370.6660000000003	2.0	2.0	1.0	go_incongruent
372.6660000000003	0.0	0.298	1.0	NULL
372.9640000000003	3.0	2.0	1.0	stop_congruent
374.9640000000003	0.0	0.596	1.0	NULL
375.5600000000003	2.0	2.0	1.0	go_incongruent
377.5600000000004	0.0	0.298	1.0	NULL
377.8580000000004	4.0	2.0	1.0	stop_incongruent
379.8580000000004	0.0	0.0	1.0	NULL
379.8580000000004	1.0	2.0	1.0	go_congruent
381.85800000000035	0.0	2.086	1.0	NULL
383.94400000000036	1.0	2.0	1.0	go_congruent
385.94400000000036	0.0	0.298	1.0	NULL
386.24200000000036	4.0	2.0	1.0	stop_incongruent
388.24200000000036	0.0	0.0	1.0	NULL
388.24200000000036	3.0	2.0	1.0	stop_congruent
390.24200000000036	0.0	0.596	1.0	NULL
390.83800000000036	4.0	2.0	1.0	stop_incongruent
392.83800000000036	0.0	0.298	1.0	NULL
393.13600000000037	2.0	2.0	1.0	go_incongruent
395.13600000000037	0.0	0.298	1.0	NULL
395.43400000000037	3.0	2.0	1.0	stop_congruent
397.43400000000037	0.0	0.298	1.0	NULL
397.73200000000037	1.0	2.0	1.0	go_congruent
399.73200000000037	0.0	0.298	1.0	NULL
400.03000000000037	3.0	2.0	1.0	stop_congruent
402.03000000000037	0.0	0.298	1.0	NULL
402.3280000000004	1.0	2.0	1.0	go_congruent
404.3280000000004	0.0	0.596	1.0	NULL
404.9240000000004	4.0	2.0	1.0	stop_incongruent
406.9240000000004	0.0	0.0	1.0	NULL
406.9240000000004	4.0	2.0	1.0	stop_incongruent
408.9240000000004	0.0	0.596	1.0	NULL
409.5200000000004	2.0	2.0	1.0	go_incongruent
411.5200000000004	0.0	0.298	1.0	NULL
411.8180000000004	2.0	2.0	1.0	go_incongruent
413.8180000000004	0.0	0.596	1.0	NULL
414.4140000000004	1.0	2.0	1.0	go_congruent
416.4140000000004	0.0	0.8939999999999999	1.0	NULL
417.3080000000004	1.0	2.0	1.0	go_congruent
419.3080000000004	0.0	1.49	1.0	NULL
420.7980000000004	4.0	2.0	1.0	stop_incongruent
422.79800000000034	0.0	1.7879999999999998	1.0	NULL
424.58600000000035	1.0	2.0	1.0	go_congruent
426.58600000000035	0.0	0.298	1.0	NULL
426.88400000000036	4.0	2.0	1.0	stop_incongruent
428.88400000000036	0.0	0.0	1.0	NULL
428.88400000000036	3.0	2.0	1.0	stop_congruent
430.88400000000036	0.0	0.298	1.0	NULL
431.18200000000036	2.0	2.0	1.0	go_incongruent
433.18200000000036	0.0	0.596	1.0	NULL
433.77800000000036	2.0	2.0	1.0	go_incongruent
435.77800000000036	0.0	0.596	1.0	NULL
436.37400000000036	1.0	2.0	1.0	go_congruent
438.37400000000036	0.0	0.298	1.0	NULL
438.67200000000037	4.0	2.0	1.0	stop_incongruent
440.67200000000037	0.0	0.596	1.0	NULL
441.26800000000037	4.0	2.0	1.0	stop_incongruent
443.26800000000037	0.0	0.8939999999999999	1.0	NULL
444.1620000000004	2.0	2.0	1.0	go_incongruent
446.16200000000055	0.0	0.596	1.0	NULL
446.75800000000055	2.0	2.0	1.0	go_incongruent
448.75800000000055	0.0	0.0	1.0	NULL
448.75800000000055	4.0	2.0	1.0	stop_incongruent
450.75800000000055	0.0	0.298	1.0	NULL
451.05600000000055	1.0	2.0	1.0	go_congruent
453.05600000000055	0.0	0.298	1.0	NULL
453.35400000000055	3.0	2.0	1.0	stop_congruent
455.35400000000055	0.0	0.0	1.0	NULL
455.35400000000055	1.0	2.0	1.0	go_congruent
457.35400000000055	0.0	0.298	1.0	NULL
457.65200000000056	1.0	2.0	1.0	go_congruent
459.65200000000056	0.0	0.298	1.0	NULL
459.95000000000056	2.0	2.0	1.0	go_incongruent
471.95000000000056	0.0	0.298	1.0	NULL
472.24800000000056	4.0	2.0	1.0	stop_incongruent
474.24800000000056	0.0	0.298	1.0	NULL
474.54600000000056	4.0	2.0	1.0	stop_incongruent
476.5460000000005	0.0	1.192	1.0	NULL
477.7380000000005	2.0	2.0	1.0	go_incongruent
479.7380000000005	0.0	0.298	1.0	NULL
480.0360000000005	1.0	2.0	1.0	go_congruent
482.0360000000005	0.0	0.596	1.0	NULL
482.6320000000005	1.0	2.0	1.0	go_congruent
484.6320000000005	0.0	0.298	1.0	NULL
484.9300000000005	1.0	2.0	1.0	go_congruent
486.9300000000005	0.0	0.8939999999999999	1.0	NULL
487.8240000000005	1.0	2.0	1.0	go_congruent
489.8240000000005	0.0	0.298	1.0	NULL
490.1220000000005	4.0	2.0	1.0	stop_incongruent
492.1220000000005	0.0	0.298	1.0	NULL
492.4200000000005	2.0	2.0	1.0	go_incongruent
494.4200000000005	0.0	0.0	1.0	NULL
494.4200000000005	1.0	2.0	1.0	go_congruent
496.4200000000005	0.0	0.298	1.0	NULL
496.71800000000053	2.0	2.0	1.0	go_incongruent
498.71800000000053	0.0	0.298	1.0	NULL
499.01600000000053	1.0	2.0	1.0	go_congruent
501.01600000000053	0.0	0.298	1.0	NULL
501.31400000000053	2.0	2.0	1.0	go_incongruent
503.31400000000053	0.0	0.298	1.0	NULL
503.61200000000053	2.0	2.0	1.0	go_incongruent
505.61200000000053	0.0	0.8939999999999999	1.0	NULL
506.50600000000054	4.0	2.0	1.0	stop_incongruent
508.50600000000054	0.0	0.596	1.0	NULL
509.10200000000054	2.0	2.0	1.0	go_incongruent
511.1020000000004	0.0	0.298	1.0	NULL
511.4000000000004	2.0	2.0	1.0	go_incongruent
513.4000000000004	0.0	0.596	1.0	NULL
513.9960000000004	1.0	2.0	1.0	go_congruent
515.9960000000003	0.0	0.596	1.0	NULL
516.5920000000003	2.0	2.0	1.0	go_incongruent
518.5920000000006	0.0	2.682	1.0	NULL
521.2740000000006	3.0	2.0	1.0	stop_congruent
523.2740000000006	0.0	0.298	1.0	NULL
523.5720000000006	4.0	2.0	1.0	stop_incongruent
525.5720000000006	0.0	0.298	1.0	NULL
525.8700000000006	2.0	2.0	1.0	go_incongruent
527.8700000000006	0.0	0.298	1.0	NULL
528.1680000000006	1.0	2.0	1.0	go_congruent
530.1680000000006	0.0	0.596	1.0	NULL
530.7640000000006	1.0	2.0	1.0	go_congruent
532.7640000000006	0.0	0.298	1.0	NULL
533.0620000000006	3.0	2.0	1.0	stop_congruent
535.0620000000006	0.0	0.298	1.0	NULL
535.3600000000006	4.0	2.0	1.0	stop_incongruent
537.3600000000006	0.0	0.298	1.0	NULL
537.6580000000006	4.0	2.0	1.0	stop_incongruent
539.6580000000006	0.0	0.298	1.0	NULL
539.9560000000006	4.0	2.0	1.0	stop_incongruent
541.9560000000006	0.0	0.298	1.0	NULL
542.2540000000006	3.0	2.0	1.0	stop_congruent
544.2540000000006	0.0	0.298	1.0	NULL
544.5520000000006	1.0	2.0	1.0	go_congruent
546.5520000000005	0.0	0.298	1.0	NULL
546.8500000000005	3.0	2.0	1.0	stop_congruent
548.8500000000005	0.0	0.596	1.0	NULL
549.4460000000005	1.0	2.0	1.0	go_congruent
551.4460000000005	0.0	2.682	1.0	NULL
554.1280000000005	3.0	2.0	1.0	stop_congruent
556.1280000000005	0.0	0.298	1.0	NULL
556.4260000000005	2.0	2.0	1.0	go_incongruent
558.4260000000005	0.0	0.596	1.0	NULL
559.0220000000005	2.0	2.0	1.0	go_incongruent
561.0220000000005	0.0	1.49	1.0	NULL
562.5120000000005	1.0	2.0	1.0	go_congruent
564.5120000000005	0.0	0.298	1.0	NULL
564.8100000000005	2.0	2.0	1.0	go_incongruent
566.8100000000005	0.0	0.298	1.0	NULL
567.1080000000005	2.0	2.0	1.0	go_incongruent
569.1080000000005	0.0	0.298	1.0	NULL
569.4060000000005	1.0	2.0	1.0	go_congruent
571.4060000000005	0.0	0.596	1.0	NULL
572.0020000000005	3.0	2.0	1.0	stop_congruent
574.0020000000005	0.0	0.298	1.0	NULL
574.3000000000005	1.0	2.0	1.0	go_congruent
576.3000000000005	0.0	0.0	1.0	NULL
576.3000000000005	1.0	2.0	1.0	go_congruent
578.3000000000005	0.0	0.298	1.0	NULL
578.5980000000005	1.0	2.0	1.0	go_congruent
580.5980000000005	0.0	0.298	1.0	NULL
580.8960000000005	2.0	2.0	1.0	go_incongruent
582.8960000000005	0.0	0.298	1.0	NULL
583.1940000000005	1.0	2.0	1.0	go_congruent
585.1940000000005	0.0	0.8939999999999999	1.0	NULL
586.0880000000005	2.0	2.0	1.0	go_incongruent
588.0880000000005	0.0	0.8939999999999999	1.0	NULL
588.9820000000005	1.0	2.0	1.0	go_congruent
590.9820000000005	0.0	0.298	1.0	NULL
591.2800000000005	2.0	2.0	1.0	go_incongruent
593.2800000000005	0.0	0.298	1.0	NULL
593.5780000000005	1.0	2.0	1.0	go_congruent
595.5780000000005	0.0	0.596	1.0	NULL
596.1740000000005	2.0	2.0	1.0	go_incongruent
598.1740000000005	0.0	0.298	1.0	NULL
598.4720000000005	4.0	2.0	1.0	stop_incongruent
600.4720000000007	0.0	0.298	1.0	NULL
600.7700000000007	2.0	2.0	1.0	go_incongruent
602.7700000000006	0.0	0.596	1.0	NULL
603.3660000000006	1.0	2.0	1.0	go_congruent
605.3660000000006	0.0	0.298	1.0	NULL
605.6640000000006	3.0	2.0	1.0	stop_congruent
607.6640000000006	0.0	0.596	1.0	NULL
608.2600000000006	4.0	2.0	1.0	stop_incongruent
610.2600000000006	0.0	0.0	1.0	NULL
610.2600000000006	2.0	2.0	1.0	go_incongruent
612.2600000000006	0.0	0.298	1.0	NULL
612.5580000000006	4.0	2.0	1.0	stop_incongruent
614.5580000000006	0.0	1.192	1.0	NULL
615.7500000000006	2.0	2.0	1.0	go_incongruent
617.7500000000006	0.0	0.298	1.0	NULL
618.0480000000006	1.0	2.0	1.0	go_congruent
620.0480000000006	0.0	1.192	1.0	NULL
621.2400000000006	2.0	2.0	1.0	go_incongruent
633.2400000000006	0.0	0.8939999999999999	1.0	NULL
634.1340000000006	1.0	2.0	1.0	go_congruent
636.1340000000006	0.0	1.192	1.0	NULL
637.3260000000006	1.0	2.0	1.0	go_congruent
639.3260000000006	0.0	0.298	1.0	NULL
639.6240000000006	1.0	2.0	1.0	go_congruent
641.6240000000006	0.0	0.0	1.0	NULL
641.6240000000006	4.0	2.0	1.0	stop_incongruent
643.6240000000006	0.0	0.298	1.0	NULL
643.9220000000006	1.0	2.0	1.0	go_congruent
645.9220000000006	0.0	0.8939999999999999	1.0	NULL
646.8160000000006	1.0	2.0	1.0	go_congruent
648.8160000000006	0.0	0.596	1.0	NULL
649.4120000000006	1.0	2.0	1.0	go_congruent
651.4120000000006	0.0	0.8939999999999999	1.0	NULL
652.3060000000006	1.0	2.0	1.0	go_congruent
654.3060000000006	0.0	0.596	1.0	NULL
654.9020000000006	4.0	2.0	1.0	stop_incongruent
656.9020000000006	0.0	0.8939999999999999	1.0	NULL
657.7960000000006	4.0	2.0	1.0	stop_incongruent
659.7960000000006	0.0	0.596	1.0	NULL
660.3920000000006	1.0	2.0	1.0	go_congruent
662.3920000000006	0.0	1.192	1.0	NULL
663.5840000000006	1.0	2.0	1.0	go_congruent
665.5840000000006	0.0	0.298	1.0	NULL
665.8820000000006	1.0	2.0	1.0	go_congruent
667.8820000000006	0.0	0.8939999999999999	1.0	NULL
668.7760000000006	2.0	2.0	1.0	go_incongruent
670.7760000000006	0.0	0.298	1.0	NULL
671.0740000000006	1.0	2.0	1.0	go_congruent
673.0740000000006	0.0	0.298	1.0	NULL
673.3720000000006	3.0	2.0	1.0	stop_congruent
675.3720000000006	0.0	0.8939999999999999	1.0	NULL
676.2660000000006	1.0	2.0	1.0	go_congruent
678.2660000000008	0.0	0.8939999999999999	1.0	NULL
679.1600000000008	2.0	2.0	1.0	go_incongruent
681.1600000000008	0.0	1.192	1.0	NULL
682.3520000000008	2.0	2.0	1.0	go_incongruent
684.3520000000008	0.0	0.596	1.0	NULL
684.9480000000008	2.0	2.0	1.0	go_incongruent
686.9480000000008	0.0	0.0	1.0	NULL
686.9480000000008	3.0	2.0	1.0	stop_congruent
688.9480000000008	0.0	0.298	1.0	NULL
689.2460000000008	1.0	2.0	1.0	go_congruent
691.2460000000008	0.0	0.298	1.0	NULL
691.5440000000008	4.0	2.0	1.0	stop_incongruent
693.5440000000008	0.0	0.596	1.0	NULL
694.1400000000008	1.0	2.0	1.0	go_congruent
696.1400000000008	0.0	1.192	1.0	NULL
697.3320000000008	1.0	2.0	1.0	go_congruent
699.3320000000008	0.0	1.192	1.0	NULL
700.5240000000008	2.0	2.0	1.0	go_incongruent
702.5240000000008	0.0	0.0	1.0	NULL
702.5240000000008	4.0	2.0	1.0	stop_incongruent
704.5240000000008	0.0	1.192	1.0	NULL
705.7160000000008	1.0	2.0	1.0	go_congruent
707.7160000000008	0.0	0.298	1.0	NULL
708.0140000000008	1.0	2.0	1.0	go_congruent
710.0140000000008	0.0	0.298	1.0	NULL
710.3120000000008	3.0	2.0	1.0	stop_congruent
712.3120000000008	0.0	0.298	1.0	NULL
712.6100000000008	3.0	2.0	1.0	stop_congruent
714.6100000000008	0.0	0.298	1.0	NULL
714.9080000000008	4.0	2.0	1.0	stop_incongruent
716.9080000000007	0.0	1.49	1.0	NULL
718.3980000000007	2.0	2.0	1.0	go_incongruent
720.3980000000007	0.0	0.298	1.0	NULL
720.6960000000007	1.0	2.0	1.0	go_congruent
722.6960000000007	0.0	0.298	1.0	NULL
722.9940000000007	1.0	2.0	1.0	go_congruent
724.9940000000007	0.0	0.298	1.0	NULL
725.2920000000007	3.0	2.0	1.0	stop_congruent
727.2920000000007	0.0	1.192	1.0	NULL
728.4840000000007	1.0	2.0	1.0	go_congruent
730.4840000000007	0.0	0.298	1.0	NULL
730.7820000000007	2.0	2.0	1.0	go_incongruent
732.7820000000007	0.0	0.596	1.0	NULL
733.3780000000007	1.0	2.0	1.0	go_congruent
735.3780000000007	0.0	0.298	1.0	NULL
735.6760000000007	2.0	2.0	1.0	go_incongruent
737.6760000000007	0.0	0.596	1.0	NULL
738.2720000000007	2.0	2.0	1.0	go_incongruent
740.2720000000007	0.0	0.298	1.0	NULL
740.5700000000007	3.0	2.0	1.0	stop_congruent
742.5700000000007	0.0	0.0	1.0	NULL
742.5700000000007	1.0	2.0	1.0	go_congruent
744.5700000000007	0.0	1.192	1.0	NULL
745.7620000000007	3.0	2.0	1.0	stop_congruent
747.7620000000007	0.0	0.298	1.0	NULL
748.0600000000007	1.0	2.0	1.0	go_congruent
750.0600000000007	0.0	0.298	1.0	NULL
750.3580000000007	1.0	2.0	1.0	go_congruent
752.3580000000007	0.0	0.298	1.0	NULL
752.6560000000007	3.0	2.0	1.0	stop_congruent
754.6560000000007	0.0	0.0	1.0	NULL
754.6560000000007	3.0	2.0	1.0	stop_congruent
756.6560000000007	0.0	0.596	1.0	NULL
757.2520000000007	4.0	2.0	1.0	stop_incongruent
759.2520000000007	0.0	0.298	1.0	NULL
759.5500000000008	1.0	2.0	1.0	go_congruent
761.5500000000008	0.0	0.596	1.0	NULL
762.1460000000008	1.0	2.0	1.0	go_congruent
764.1460000000008	0.0	0.298	1.0	NULL
764.4440000000008	1.0	2.0	1.0	go_congruent
766.4440000000008	0.0	0.0	1.0	NULL
766.4440000000008	2.0	2.0	1.0	go_incongruent
768.4440000000008	0.0	0.0	1.0	NULL
768.4440000000008	1.0	2.0	1.0	go_congruent
770.4440000000008	0.0	1.192	1.0	NULL
771.6360000000008	2.0	2.0	1.0	go_incongruent
773.6360000000008	0.0	1.192	1.0	NULL
774.8280000000008	1.0	2.0	1.0	go_congruent
776.8280000000008	0.0	0.298	1.0	NULL
777.1260000000008	2.0	2.0	1.0	go_incongruent
779.1260000000008	0.0	0.298	1.0	NULL
779.4240000000008	2.0	2.0	1.0	go_incongruent
781.4240000000008	0.0	0.298	1.0	NULL
781.7220000000008	4.0	2.0	1.0	stop_incongruent
783.7220000000008	0.0	0.596	1.0	NULL
784.3180000000008	2.0	2.0	1.0	go_incongruent
