4.894
12.682
19.576
22.47
26.768
29.066000000000003
33.364000000000004
44.04600000000001
46.34400000000001
51.83400000000001
53.83400000000001
56.13200000000001
71.41000000000003
82.39000000000004
100.77400000000006
108.26400000000007
110.26400000000007
113.15800000000007
115.75400000000008
118.35000000000008
120.35000000000008
125.24400000000009
130.7340000000001
158.8200000000001
160.8200000000001
163.1180000000001
183.29000000000013
185.58800000000014
192.18400000000014
197.37600000000015
199.97200000000015
204.56800000000015
222.44200000000018
231.9320000000002
237.1240000000002
240.0180000000002
247.2100000000002
251.8060000000002
262.1900000000002
265.38200000000023
269.68000000000023
272.27600000000024
274.57400000000024
282.06400000000025
288.95800000000025
299.04400000000027
317.7260000000003
330.1100000000003
335.3020000000003
337.3020000000003
341.8980000000003
344.4940000000003
350.2820000000003
354.8780000000003
363.77200000000033
379.85800000000035
383.94400000000036
397.73200000000037
402.3280000000004
414.4140000000004
417.3080000000004
424.5860000000004
436.3740000000004
451.05600000000044
455.35400000000044
457.65200000000044
480.03600000000046
482.63200000000046
484.93000000000046
487.82400000000047
494.42000000000047
499.0160000000005
513.9960000000004
528.1680000000005
530.7640000000005
544.5520000000005
549.4460000000005
562.5120000000005
569.4060000000005
574.3000000000005
576.3000000000005
578.5980000000005
583.1940000000005
588.9820000000005
593.5780000000005
603.3660000000006
618.0480000000006
634.1340000000006
637.3260000000006
639.6240000000006
643.9220000000006
646.8160000000006
649.4120000000006
652.3060000000006
660.3920000000006
663.5840000000006
665.8820000000006
671.0740000000006
676.2660000000006
689.2460000000007
694.1400000000007
697.3320000000007
705.7160000000007
708.0140000000007
720.6960000000007
722.9940000000007
728.4840000000007
733.3780000000007
742.5700000000007
748.0600000000007
750.3580000000007
759.5500000000008
762.1460000000008
764.4440000000008
768.4440000000008
774.8280000000008
