0.0
2.25
6.5
9.25
11.5
14.25
16.5
19.0
25.75
28.0
32.75
35.0
39.5
41.75
46.5
50.0
53.0
55.25
57.75
60.25
67.0
69.25
73.25
78.0
82.5
85.0
89.25
102.0
104.75
107.0
114.75
117.25
119.75
122.25
129.5
132.0
142.25
147.75
150.0
153.0
156.25
159.0
161.5
163.75
168.75
185.75
188.5
194.0
196.25
198.5
203.0
205.25
207.5
212.0
214.25
221.75
224.25
226.5
229.0
231.25
233.5
240.25
242.75
245.5
253.75
261.0
264.75
267.0
269.25
274.0
279.75
284.5
290.0
295.25
297.25
299.25
301.75
307.75
310.5
313.0
315.0
319.75
324.25
329.5
334.25
337.0
339.75
342.5
347.5
350.0
352.25
354.5
356.75
359.5
361.75
376.75
381.5
388.5
390.75
393.25
396.0
398.75
401.0
405.5
407.75
410.25
412.75
415.25
417.75
422.0
424.25
429.75
434.5
436.75
439.0
442.0
444.25
449.75
452.0
454.25
456.75
459.0
463.5
465.75
468.25
470.5
480.0
487.0
489.25
491.5
494.25
496.5
498.5
508.0
510.25
512.75
515.0
520.25
522.75
525.5
527.75
532.25
542.0
544.25
