0.0	0.0	0.0	1.0	NULL
0.0	3.0	2.15	1.0	tswitch_cswitch
2.15	0.0	0.25	1.0	NULL
2.4	1.0	2.15	1.0	tstay_cstay
4.549999999999999	0.0	0.5	1.0	NULL
5.049999999999999	3.0	2.15	1.0	tswitch_cswitch
7.199999999999999	0.0	1.0	1.0	NULL
8.2	2.0	2.15	1.0	tstay_cswitch
10.35	0.0	0.25	1.0	NULL
10.6	1.0	2.15	1.0	tstay_cstay
12.75	0.0	0.25	1.0	NULL
13.0	1.0	2.15	1.0	tstay_cstay
15.15	0.0	0.0	1.0	NULL
15.15	1.0	2.15	1.0	tstay_cstay
17.3	0.0	0.75	1.0	NULL
18.05	1.0	2.15	1.0	tstay_cstay
20.2	0.0	1.5	1.0	NULL
21.7	1.0	2.15	1.0	tstay_cstay
23.85	0.0	1.0	1.0	NULL
24.85	3.0	2.15	1.0	tswitch_cswitch
27.0	0.0	1.25	1.0	NULL
28.25	3.0	2.15	1.0	tswitch_cswitch
30.4	0.0	1.25	1.0	NULL
31.65	1.0	2.15	1.0	tstay_cstay
33.8	0.0	0.75	1.0	NULL
34.55	3.0	2.15	1.0	tswitch_cswitch
36.7	0.0	0.25	1.0	NULL
36.95	1.0	2.15	1.0	tstay_cstay
39.1	0.0	0.5	1.0	NULL
39.6	1.0	2.15	1.0	tstay_cstay
41.74999999999999	0.0	0.5	1.0	NULL
42.24999999999999	3.0	2.15	1.0	tswitch_cswitch
44.39999999999999	0.0	0.0	1.0	NULL
44.39999999999999	1.0	2.15	1.0	tstay_cstay
46.54999999999999	0.0	0.75	1.0	NULL
47.29999999999999	3.0	2.15	1.0	tswitch_cswitch
49.44999999999999	0.0	0.25	1.0	NULL
49.69999999999999	3.0	2.15	1.0	tswitch_cswitch
51.84999999999999	0.0	0.25	1.0	NULL
52.09999999999999	3.0	2.15	1.0	tswitch_cswitch
54.24999999999999	0.0	0.75	1.0	NULL
54.99999999999999	3.0	2.15	1.0	tswitch_cswitch
57.149999999999984	0.0	1.0	1.0	NULL
58.149999999999984	3.0	2.15	1.0	tswitch_cswitch
60.29999999999998	0.0	0.25	1.0	NULL
60.54999999999998	3.0	2.15	1.0	tswitch_cswitch
62.69999999999998	0.0	0.25	1.0	NULL
62.94999999999998	1.0	2.15	1.0	tstay_cstay
65.09999999999998	0.0	1.0	1.0	NULL
66.09999999999998	3.0	2.15	1.0	tswitch_cswitch
68.24999999999999	0.0	0.25	1.0	NULL
68.49999999999999	2.0	2.15	1.0	tstay_cswitch
70.64999999999998	0.0	0.25	1.0	NULL
70.89999999999998	2.0	2.15	1.0	tstay_cswitch
73.05	0.0	0.25	1.0	NULL
73.3	2.0	2.15	1.0	tstay_cswitch
75.45	0.0	0.5	1.0	NULL
75.95	3.0	2.15	1.0	tswitch_cswitch
78.10000000000002	0.0	0.25	1.0	NULL
78.35000000000002	3.0	2.15	1.0	tswitch_cswitch
80.50000000000001	0.0	0.25	1.0	NULL
80.75000000000001	2.0	2.15	1.0	tstay_cswitch
82.90000000000002	0.0	0.25	1.0	NULL
83.15000000000002	2.0	2.15	1.0	tstay_cswitch
85.30000000000003	0.0	0.5	1.0	NULL
85.80000000000003	3.0	2.15	1.0	tswitch_cswitch
87.95000000000003	0.0	0.0	1.0	NULL
87.95000000000003	2.0	2.15	1.0	tstay_cswitch
90.10000000000004	0.0	0.25	1.0	NULL
90.35000000000004	3.0	2.15	1.0	tswitch_cswitch
92.50000000000004	0.0	0.25	1.0	NULL
92.75000000000004	3.0	2.15	1.0	tswitch_cswitch
94.90000000000003	0.0	0.25	1.0	NULL
95.15000000000003	2.0	2.15	1.0	tstay_cswitch
97.30000000000004	0.0	1.0	1.0	NULL
98.30000000000004	3.0	2.15	1.0	tswitch_cswitch
100.45000000000006	0.0	0.25	1.0	NULL
100.70000000000006	3.0	2.15	1.0	tswitch_cswitch
102.85000000000008	0.0	0.25	1.0	NULL
103.10000000000008	3.0	2.15	1.0	tswitch_cswitch
105.25000000000007	0.0	0.25	1.0	NULL
105.50000000000007	2.0	2.15	1.0	tstay_cswitch
107.65000000000008	0.0	0.75	1.0	NULL
108.40000000000008	3.0	2.15	1.0	tswitch_cswitch
110.55000000000008	0.0	0.25	1.0	NULL
110.80000000000008	2.0	2.15	1.0	tstay_cswitch
112.95000000000007	0.0	0.5	1.0	NULL
113.45000000000007	3.0	2.15	1.0	tswitch_cswitch
115.6000000000001	0.0	0.25	1.0	NULL
115.8500000000001	3.0	2.15	1.0	tswitch_cswitch
118.0000000000001	0.0	1.0	1.0	NULL
119.0000000000001	3.0	2.15	1.0	tswitch_cswitch
121.15000000000009	0.0	0.25	1.0	NULL
121.40000000000009	1.0	2.15	1.0	tstay_cstay
123.55000000000014	0.0	0.5	1.0	NULL
124.05000000000014	1.0	2.15	1.0	tstay_cstay
126.2000000000001	0.0	0.25	1.0	NULL
126.4500000000001	1.0	2.15	1.0	tstay_cstay
128.6000000000001	0.0	0.25	1.0	NULL
128.8500000000001	3.0	2.15	1.0	tswitch_cswitch
131.00000000000009	0.0	0.25	1.0	NULL
131.25000000000009	2.0	2.15	1.0	tstay_cswitch
133.40000000000012	0.0	0.5	1.0	NULL
133.90000000000012	3.0	2.15	1.0	tswitch_cswitch
136.05000000000013	0.0	0.25	1.0	NULL
136.30000000000013	3.0	2.15	1.0	tswitch_cswitch
138.45000000000013	0.0	1.0	1.0	NULL
139.45000000000013	1.0	2.15	1.0	tstay_cstay
141.60000000000014	0.0	0.25	1.0	NULL
141.85000000000014	2.0	2.15	1.0	tstay_cswitch
144.00000000000014	0.0	0.0	1.0	NULL
144.00000000000014	3.0	2.15	1.0	tswitch_cswitch
146.15000000000015	0.0	0.25	1.0	NULL
146.40000000000015	3.0	2.15	1.0	tswitch_cswitch
148.55000000000015	0.0	1.75	1.0	NULL
150.30000000000015	1.0	2.15	1.0	tstay_cstay
152.45000000000016	0.0	0.25	1.0	NULL
152.70000000000016	2.0	2.15	1.0	tstay_cswitch
154.85000000000016	0.0	0.5	1.0	NULL
155.35000000000016	3.0	2.15	1.0	tswitch_cswitch
167.50000000000014	0.0	0.5	1.0	NULL
168.00000000000014	3.0	2.15	1.0	tswitch_cswitch
170.1500000000002	0.0	0.25	1.0	NULL
170.4000000000002	3.0	2.15	1.0	tswitch_cswitch
172.55000000000018	0.0	0.25	1.0	NULL
172.80000000000018	1.0	2.15	1.0	tstay_cstay
174.9500000000002	0.0	1.25	1.0	NULL
176.2000000000002	1.0	2.15	1.0	tstay_cstay
178.3500000000002	0.0	0.5	1.0	NULL
178.8500000000002	3.0	2.15	1.0	tswitch_cswitch
181.0000000000002	0.0	0.25	1.0	NULL
181.2500000000002	3.0	2.15	1.0	tswitch_cswitch
183.4000000000002	0.0	0.25	1.0	NULL
183.6500000000002	3.0	2.15	1.0	tswitch_cswitch
185.80000000000018	0.0	0.0	1.0	NULL
185.80000000000018	2.0	2.15	1.0	tstay_cswitch
187.95000000000027	0.0	0.25	1.0	NULL
188.20000000000027	2.0	2.15	1.0	tstay_cswitch
190.35000000000028	0.0	0.25	1.0	NULL
190.60000000000028	3.0	2.15	1.0	tswitch_cswitch
192.75000000000026	0.0	0.75	1.0	NULL
193.50000000000026	3.0	2.15	1.0	tswitch_cswitch
195.65000000000026	0.0	0.75	1.0	NULL
196.40000000000026	2.0	2.15	1.0	tstay_cswitch
198.55000000000027	0.0	0.25	1.0	NULL
198.80000000000027	3.0	2.15	1.0	tswitch_cswitch
200.95000000000027	0.0	0.25	1.0	NULL
201.20000000000027	3.0	2.15	1.0	tswitch_cswitch
203.35000000000028	0.0	0.0	1.0	NULL
203.35000000000028	1.0	2.15	1.0	tstay_cstay
205.50000000000026	0.0	0.5	1.0	NULL
206.00000000000026	2.0	2.15	1.0	tstay_cswitch
208.15000000000026	0.0	0.25	1.0	NULL
208.40000000000026	2.0	2.15	1.0	tstay_cswitch
210.55000000000027	0.0	0.5	1.0	NULL
211.05000000000027	1.0	2.15	1.0	tstay_cstay
213.20000000000027	0.0	0.5	1.0	NULL
213.70000000000027	2.0	2.15	1.0	tstay_cswitch
215.85000000000028	0.0	0.25	1.0	NULL
216.10000000000028	3.0	2.15	1.0	tswitch_cswitch
218.25000000000026	0.0	0.5	1.0	NULL
218.75000000000026	1.0	2.15	1.0	tstay_cstay
220.90000000000032	0.0	0.25	1.0	NULL
221.15000000000032	1.0	2.15	1.0	tstay_cstay
223.3000000000003	0.0	1.0	1.0	NULL
224.3000000000003	3.0	2.15	1.0	tswitch_cswitch
226.4500000000003	0.0	2.0	1.0	NULL
228.4500000000003	3.0	2.15	1.0	tswitch_cswitch
230.6000000000003	0.0	0.75	1.0	NULL
231.3500000000003	2.0	2.15	1.0	tstay_cswitch
233.5000000000003	0.0	0.25	1.0	NULL
233.7500000000003	2.0	2.15	1.0	tstay_cswitch
235.90000000000032	0.0	0.5	1.0	NULL
236.40000000000032	1.0	2.15	1.0	tstay_cstay
238.5500000000003	0.0	0.25	1.0	NULL
238.8000000000003	3.0	2.15	1.0	tswitch_cswitch
240.9500000000004	0.0	1.75	1.0	NULL
242.7000000000004	3.0	2.15	1.0	tswitch_cswitch
244.8500000000004	0.0	0.25	1.0	NULL
245.1000000000004	1.0	2.15	1.0	tstay_cstay
247.25000000000037	0.0	0.25	1.0	NULL
247.50000000000037	1.0	2.15	1.0	tstay_cstay
249.65000000000038	0.0	0.5	1.0	NULL
250.15000000000038	3.0	2.15	1.0	tswitch_cswitch
252.30000000000038	0.0	0.5	1.0	NULL
252.80000000000038	1.0	2.15	1.0	tstay_cstay
254.95000000000044	0.0	1.25	1.0	NULL
256.20000000000044	2.0	2.15	1.0	tstay_cswitch
258.3500000000004	0.0	0.75	1.0	NULL
259.1000000000004	2.0	2.15	1.0	tstay_cswitch
261.2500000000004	0.0	1.0	1.0	NULL
262.2500000000004	3.0	2.15	1.0	tswitch_cswitch
264.4000000000003	0.0	0.5	1.0	NULL
264.9000000000003	1.0	2.15	1.0	tstay_cstay
267.0500000000003	0.0	0.25	1.0	NULL
267.3000000000003	1.0	2.15	1.0	tstay_cstay
269.45000000000033	0.0	0.25	1.0	NULL
269.70000000000033	3.0	2.15	1.0	tswitch_cswitch
271.85000000000025	0.0	0.5	1.0	NULL
272.35000000000025	3.0	2.15	1.0	tswitch_cswitch
274.50000000000017	0.0	1.25	1.0	NULL
275.75000000000017	3.0	2.15	1.0	tswitch_cswitch
277.9000000000002	0.0	0.5	1.0	NULL
278.4000000000002	3.0	2.15	1.0	tswitch_cswitch
280.5500000000002	0.0	1.25	1.0	NULL
281.8000000000002	3.0	2.15	1.0	tswitch_cswitch
283.9500000000002	0.0	0.0	1.0	NULL
283.9500000000002	3.0	2.15	1.0	tswitch_cswitch
286.10000000000014	0.0	0.25	1.0	NULL
286.35000000000014	2.0	2.15	1.0	tstay_cswitch
288.5000000000001	0.0	0.25	1.0	NULL
288.7500000000001	1.0	2.15	1.0	tstay_cstay
290.9000000000001	0.0	0.25	1.0	NULL
291.1500000000001	3.0	2.15	1.0	tswitch_cswitch
293.30000000000007	0.0	0.25	1.0	NULL
293.55000000000007	3.0	2.15	1.0	tswitch_cswitch
295.7000000000001	0.0	0.25	1.0	NULL
295.9500000000001	3.0	2.15	1.0	tswitch_cswitch
298.1	0.0	1.0	1.0	NULL
299.1	3.0	2.15	1.0	tswitch_cswitch
301.25	0.0	0.75	1.0	NULL
302.0	1.0	2.15	1.0	tstay_cstay
304.15	0.0	0.0	1.0	NULL
304.15	1.0	2.15	1.0	tstay_cstay
306.2999999999999	0.0	0.25	1.0	NULL
306.5499999999999	3.0	2.15	1.0	tswitch_cswitch
308.69999999999993	0.0	0.25	1.0	NULL
308.94999999999993	3.0	2.15	1.0	tswitch_cswitch
311.0999999999999	0.0	0.25	1.0	NULL
311.3499999999999	3.0	2.15	1.0	tswitch_cswitch
313.4999999999999	0.0	0.0	1.0	NULL
313.4999999999999	1.0	2.15	1.0	tstay_cstay
315.6499999999998	0.0	0.25	1.0	NULL
315.8999999999998	3.0	2.15	1.0	tswitch_cswitch
318.0499999999998	0.0	0.25	1.0	NULL
318.2999999999998	1.0	2.15	1.0	tstay_cstay
320.4499999999998	0.0	0.75	1.0	NULL
321.1999999999998	1.0	2.15	1.0	tstay_cstay
323.3499999999998	0.0	0.5	1.0	NULL
323.8499999999998	3.0	2.15	1.0	tswitch_cswitch
335.99999999999983	0.0	1.25	1.0	NULL
337.24999999999983	3.0	2.15	1.0	tswitch_cswitch
339.39999999999975	0.0	0.5	1.0	NULL
339.89999999999975	3.0	2.15	1.0	tswitch_cswitch
342.04999999999967	0.0	0.25	1.0	NULL
342.29999999999967	3.0	2.15	1.0	tswitch_cswitch
344.4499999999997	0.0	0.25	1.0	NULL
344.6999999999997	2.0	2.15	1.0	tstay_cswitch
346.8499999999997	0.0	0.5	1.0	NULL
347.3499999999997	3.0	2.15	1.0	tswitch_cswitch
349.4999999999997	0.0	0.5	1.0	NULL
349.9999999999997	3.0	2.15	1.0	tswitch_cswitch
352.14999999999964	0.0	0.75	1.0	NULL
352.89999999999964	3.0	2.15	1.0	tswitch_cswitch
355.0499999999996	0.0	0.25	1.0	NULL
355.2999999999996	3.0	2.15	1.0	tswitch_cswitch
357.4499999999996	0.0	0.25	1.0	NULL
357.6999999999996	3.0	2.15	1.0	tswitch_cswitch
359.8499999999996	0.0	0.25	1.0	NULL
360.0999999999996	2.0	2.15	1.0	tstay_cswitch
362.2499999999996	0.0	0.5	1.0	NULL
362.7499999999996	3.0	2.15	1.0	tswitch_cswitch
364.89999999999947	0.0	0.75	1.0	NULL
365.64999999999947	1.0	2.15	1.0	tstay_cstay
367.79999999999944	0.0	0.25	1.0	NULL
368.04999999999944	1.0	2.15	1.0	tstay_cstay
370.1999999999995	0.0	1.25	1.0	NULL
371.4499999999995	3.0	2.15	1.0	tswitch_cswitch
373.59999999999945	0.0	0.5	1.0	NULL
374.09999999999945	3.0	2.15	1.0	tswitch_cswitch
376.2499999999994	0.0	1.0	1.0	NULL
377.2499999999994	1.0	2.15	1.0	tstay_cstay
379.3999999999994	0.0	1.5	1.0	NULL
380.8999999999994	2.0	2.15	1.0	tstay_cswitch
383.0499999999994	0.0	0.25	1.0	NULL
383.2999999999994	3.0	2.15	1.0	tswitch_cswitch
385.44999999999936	0.0	0.75	1.0	NULL
386.19999999999936	2.0	2.15	1.0	tstay_cswitch
388.3499999999994	0.0	0.5	1.0	NULL
388.8499999999994	2.0	2.15	1.0	tstay_cswitch
390.9999999999993	0.0	0.5	1.0	NULL
391.4999999999993	1.0	2.15	1.0	tstay_cstay
393.6499999999993	0.0	1.25	1.0	NULL
394.8999999999993	3.0	2.15	1.0	tswitch_cswitch
397.04999999999933	0.0	0.75	1.0	NULL
397.79999999999933	3.0	2.15	1.0	tswitch_cswitch
399.94999999999925	0.0	0.5	1.0	NULL
400.44999999999925	2.0	2.15	1.0	tstay_cswitch
402.59999999999917	0.0	0.25	1.0	NULL
402.84999999999917	2.0	2.15	1.0	tstay_cswitch
404.99999999999915	0.0	0.75	1.0	NULL
405.74999999999915	1.0	2.15	1.0	tstay_cstay
407.8999999999992	0.0	0.25	1.0	NULL
408.1499999999992	2.0	2.15	1.0	tstay_cswitch
410.29999999999916	0.0	0.25	1.0	NULL
410.54999999999916	3.0	2.15	1.0	tswitch_cswitch
412.69999999999914	0.0	0.5	1.0	NULL
413.19999999999914	1.0	2.15	1.0	tstay_cstay
415.34999999999917	0.0	0.5	1.0	NULL
415.84999999999917	3.0	2.15	1.0	tswitch_cswitch
417.99999999999915	0.0	1.0	1.0	NULL
418.99999999999915	1.0	2.15	1.0	tstay_cstay
421.1499999999992	0.0	0.75	1.0	NULL
421.8999999999992	3.0	2.15	1.0	tswitch_cswitch
424.04999999999916	0.0	0.25	1.0	NULL
424.29999999999916	1.0	2.15	1.0	tstay_cstay
426.449999999999	0.0	0.0	1.0	NULL
426.449999999999	2.0	2.15	1.0	tstay_cswitch
428.599999999999	0.0	0.25	1.0	NULL
428.849999999999	3.0	2.15	1.0	tswitch_cswitch
430.99999999999903	0.0	0.25	1.0	NULL
431.24999999999903	3.0	2.15	1.0	tswitch_cswitch
433.39999999999895	0.0	0.75	1.0	NULL
434.14999999999895	2.0	2.15	1.0	tstay_cswitch
436.2999999999989	0.0	1.25	1.0	NULL
437.5499999999989	2.0	2.15	1.0	tstay_cswitch
439.69999999999885	0.0	0.25	1.0	NULL
439.94999999999885	3.0	2.15	1.0	tswitch_cswitch
442.09999999999883	0.0	0.25	1.0	NULL
442.34999999999883	2.0	2.15	1.0	tstay_cswitch
444.49999999999886	0.0	1.0	1.0	NULL
445.49999999999886	1.0	2.15	1.0	tstay_cstay
447.64999999999884	0.0	0.0	1.0	NULL
447.64999999999884	1.0	2.15	1.0	tstay_cstay
449.79999999999876	0.0	0.75	1.0	NULL
450.54999999999876	3.0	2.15	1.0	tswitch_cswitch
452.6999999999988	0.0	0.5	1.0	NULL
453.1999999999988	3.0	2.15	1.0	tswitch_cswitch
455.3499999999988	0.0	0.75	1.0	NULL
456.0999999999988	3.0	2.15	1.0	tswitch_cswitch
458.2499999999988	0.0	0.5	1.0	NULL
458.7499999999988	1.0	2.15	1.0	tstay_cstay
460.8999999999987	0.0	0.25	1.0	NULL
461.1499999999987	3.0	2.15	1.0	tswitch_cswitch
463.2999999999987	0.0	1.25	1.0	NULL
464.5499999999987	3.0	2.15	1.0	tswitch_cswitch
466.6999999999987	0.0	0.75	1.0	NULL
467.4499999999987	2.0	2.15	1.0	tstay_cswitch
469.5999999999986	0.0	0.25	1.0	NULL
469.8499999999986	3.0	2.15	1.0	tswitch_cswitch
471.9999999999985	0.0	0.5	1.0	NULL
472.4999999999985	2.0	2.15	1.0	tstay_cswitch
474.6499999999986	0.0	0.25	1.0	NULL
474.8999999999986	1.0	2.15	1.0	tstay_cstay
477.04999999999865	0.0	0.25	1.0	NULL
477.29999999999865	3.0	2.15	1.0	tswitch_cswitch
479.44999999999857	0.0	0.0	1.0	NULL
479.44999999999857	2.0	2.15	1.0	tstay_cswitch
481.59999999999854	0.0	0.25	1.0	NULL
481.84999999999854	3.0	2.15	1.0	tswitch_cswitch
483.99999999999847	0.0	0.25	1.0	NULL
484.24999999999847	3.0	2.15	1.0	tswitch_cswitch
486.3999999999985	0.0	0.25	1.0	NULL
486.6499999999985	3.0	2.15	1.0	tswitch_cswitch
488.7999999999985	0.0	0.25	1.0	NULL
489.0499999999985	2.0	2.15	1.0	tstay_cswitch
491.19999999999845	0.0	0.5	1.0	NULL
491.69999999999845	1.0	2.15	1.0	tstay_cstay
493.8499999999984	0.0	0.75	1.0	NULL
494.5999999999984	2.0	2.15	1.0	tstay_cswitch
506.7499999999984	0.0	0.25	1.0	NULL
506.9999999999984	3.0	2.15	1.0	tswitch_cswitch
509.1499999999984	0.0	0.25	1.0	NULL
509.3999999999984	2.0	2.15	1.0	tstay_cswitch
511.54999999999836	0.0	0.5	1.0	NULL
512.0499999999984	3.0	2.15	1.0	tswitch_cswitch
514.1999999999983	0.0	0.75	1.0	NULL
514.9499999999983	3.0	2.15	1.0	tswitch_cswitch
517.0999999999983	0.0	0.25	1.0	NULL
517.3499999999983	3.0	2.15	1.0	tswitch_cswitch
519.4999999999983	0.0	0.25	1.0	NULL
519.7499999999983	1.0	2.15	1.0	tstay_cstay
521.8999999999983	0.0	0.25	1.0	NULL
522.1499999999983	3.0	2.15	1.0	tswitch_cswitch
524.2999999999981	0.0	0.5	1.0	NULL
524.7999999999981	3.0	2.15	1.0	tswitch_cswitch
526.9499999999981	0.0	0.25	1.0	NULL
527.1999999999981	2.0	2.15	1.0	tstay_cswitch
529.3499999999982	0.0	0.25	1.0	NULL
529.5999999999982	2.0	2.15	1.0	tstay_cswitch
531.7499999999982	0.0	0.5	1.0	NULL
532.2499999999982	1.0	2.15	1.0	tstay_cstay
534.3999999999982	0.0	0.5	1.0	NULL
534.8999999999982	1.0	2.15	1.0	tstay_cstay
537.0499999999981	0.0	1.0	1.0	NULL
538.0499999999981	2.0	2.15	1.0	tstay_cswitch
540.1999999999981	0.0	1.0	1.0	NULL
541.1999999999981	3.0	2.15	1.0	tswitch_cswitch
543.3499999999981	0.0	0.25	1.0	NULL
543.5999999999981	2.0	2.15	1.0	tstay_cswitch
545.7499999999981	0.0	0.25	1.0	NULL
545.9999999999981	1.0	2.15	1.0	tstay_cstay
548.149999999998	0.0	0.0	1.0	NULL
548.149999999998	1.0	2.15	1.0	tstay_cstay
550.299999999998	0.0	0.5	1.0	NULL
550.799999999998	3.0	2.15	1.0	tswitch_cswitch
552.949999999998	0.0	0.25	1.0	NULL
553.199999999998	3.0	2.15	1.0	tswitch_cswitch
555.349999999998	0.0	0.5	1.0	NULL
555.849999999998	1.0	2.15	1.0	tstay_cstay
557.9999999999981	0.0	0.75	1.0	NULL
558.7499999999981	1.0	2.15	1.0	tstay_cstay
560.8999999999978	0.0	0.25	1.0	NULL
561.1499999999978	1.0	2.15	1.0	tstay_cstay
563.2999999999979	0.0	0.25	1.0	NULL
563.5499999999979	1.0	2.15	1.0	tstay_cstay
565.6999999999979	0.0	0.75	1.0	NULL
566.4499999999979	1.0	2.15	1.0	tstay_cstay
568.5999999999979	0.0	0.75	1.0	NULL
569.3499999999979	2.0	2.15	1.0	tstay_cswitch
571.4999999999978	0.0	0.5	1.0	NULL
571.9999999999978	3.0	2.15	1.0	tswitch_cswitch
574.1499999999978	0.0	0.5	1.0	NULL
574.6499999999978	3.0	2.15	1.0	tswitch_cswitch
576.7999999999978	0.0	0.25	1.0	NULL
577.0499999999978	3.0	2.15	1.0	tswitch_cswitch
579.1999999999978	0.0	0.25	1.0	NULL
579.4499999999978	2.0	2.15	1.0	tstay_cswitch
581.5999999999977	0.0	0.25	1.0	NULL
581.8499999999977	2.0	2.15	1.0	tstay_cswitch
583.9999999999978	0.0	0.25	1.0	NULL
584.2499999999978	3.0	2.15	1.0	tswitch_cswitch
586.3999999999978	0.0	0.25	1.0	NULL
586.6499999999978	3.0	2.15	1.0	tswitch_cswitch
588.7999999999978	0.0	0.5	1.0	NULL
589.2999999999978	1.0	2.15	1.0	tstay_cstay
591.4499999999978	0.0	0.25	1.0	NULL
591.6999999999978	3.0	2.15	1.0	tswitch_cswitch
593.8499999999976	0.0	0.75	1.0	NULL
594.5999999999976	2.0	2.15	1.0	tstay_cswitch
596.7499999999976	0.0	0.25	1.0	NULL
596.9999999999976	2.0	2.15	1.0	tstay_cswitch
599.1499999999976	0.0	0.25	1.0	NULL
599.3999999999976	3.0	2.15	1.0	tswitch_cswitch
601.5499999999977	0.0	0.25	1.0	NULL
601.7999999999977	2.0	2.15	1.0	tstay_cswitch
603.9499999999974	0.0	0.25	1.0	NULL
604.1999999999974	2.0	2.15	1.0	tstay_cswitch
606.3499999999975	0.0	0.5	1.0	NULL
606.8499999999975	2.0	2.15	1.0	tstay_cswitch
608.9999999999975	0.0	0.25	1.0	NULL
609.2499999999975	1.0	2.15	1.0	tstay_cstay
611.3999999999975	0.0	0.25	1.0	NULL
611.6499999999975	2.0	2.15	1.0	tstay_cswitch
613.7999999999975	0.0	0.25	1.0	NULL
614.0499999999975	3.0	2.15	1.0	tswitch_cswitch
616.1999999999974	0.0	0.25	1.0	NULL
616.4499999999974	3.0	2.15	1.0	tswitch_cswitch
618.5999999999974	0.0	0.25	1.0	NULL
618.8499999999974	2.0	2.15	1.0	tstay_cswitch
620.9999999999974	0.0	0.5	1.0	NULL
621.4999999999974	3.0	2.15	1.0	tswitch_cswitch
623.6499999999974	0.0	0.5	1.0	NULL
624.1499999999974	3.0	2.15	1.0	tswitch_cswitch
626.2999999999972	0.0	0.25	1.0	NULL
626.5499999999972	2.0	2.15	1.0	tstay_cswitch
628.6999999999972	0.0	0.25	1.0	NULL
628.9499999999972	2.0	2.15	1.0	tstay_cswitch
631.0999999999973	0.0	1.0	1.0	NULL
632.0999999999973	1.0	2.15	1.0	tstay_cstay
634.2499999999973	0.0	0.75	1.0	NULL
634.9999999999973	1.0	2.15	1.0	tstay_cstay
637.1499999999972	0.0	0.25	1.0	NULL
637.3999999999972	3.0	2.15	1.0	tswitch_cswitch
639.5499999999972	0.0	0.5	1.0	NULL
640.0499999999972	3.0	2.15	1.0	tswitch_cswitch
642.1999999999972	0.0	0.25	1.0	NULL
642.4499999999972	3.0	2.15	1.0	tswitch_cswitch
644.5999999999973	0.0	0.5	1.0	NULL
645.0999999999973	2.0	2.15	1.0	tstay_cswitch
647.2499999999973	0.0	1.25	1.0	NULL
648.4999999999973	2.0	2.15	1.0	tstay_cswitch
650.6499999999971	0.0	0.5	1.0	NULL
651.1499999999971	1.0	2.15	1.0	tstay_cstay
653.2999999999971	0.0	0.75	1.0	NULL
654.0499999999971	3.0	2.15	1.0	tswitch_cswitch
656.1999999999971	0.0	0.5	1.0	NULL
656.6999999999971	2.0	2.15	1.0	tstay_cswitch
658.8499999999971	0.0	0.25	1.0	NULL
659.0999999999971	2.0	2.15	1.0	tstay_cswitch
