0.0
9.85
12.5
14.9
22.599999999999998
29.799999999999994
39.64999999999999
47.09999999999999
49.749999999999986
67.79999999999998
78.9
140.75000000000014
159.20000000000016
167.65000000000018
170.05000000000018
183.0500000000002
193.15000000000023
209.70000000000027
227.2500000000003
232.05000000000032
236.85000000000034
252.50000000000037
320.0499999999999
334.19999999999976
346.44999999999965
372.4499999999994
375.0999999999994
378.2499999999994
381.14999999999935
390.99999999999926
393.39999999999924
413.1999999999991
415.59999999999906
417.99999999999903
446.6499999999988
461.94999999999874
484.14999999999856
486.54999999999853
488.9499999999985
493.74999999999847
513.6999999999983
518.9999999999983
521.8999999999983
524.0499999999982
529.3499999999982
540.4499999999981
543.0999999999981
547.899999999998
550.299999999998
559.8999999999979
571.6499999999978
574.2999999999978
576.6999999999978
579.8499999999977
581.9999999999977
587.0499999999977
