2.4
10.6
13.0
15.15
18.05
21.7
31.65
36.949999999999996
39.599999999999994
44.39999999999999
62.94999999999998
121.4000000000001
124.05000000000011
126.4500000000001
139.45000000000013
150.30000000000015
172.80000000000018
176.2000000000002
203.35000000000025
211.05000000000027
218.75000000000028
221.1500000000003
236.40000000000032
245.10000000000034
247.50000000000034
252.80000000000035
264.9000000000003
267.3000000000003
288.7500000000001
302.0
304.15
313.4999999999999
318.29999999999984
321.1999999999998
365.6499999999995
368.0499999999995
377.24999999999943
391.4999999999993
405.7499999999992
413.19999999999914
418.9999999999991
424.29999999999905
445.49999999999886
447.64999999999884
458.74999999999875
474.8999999999986
491.69999999999845
519.7499999999983
532.2499999999982
534.8999999999982
545.9999999999981
548.149999999998
555.849999999998
558.749999999998
561.1499999999979
563.5499999999979
566.4499999999979
589.2999999999977
609.2499999999975
632.0999999999973
634.9999999999973
651.1499999999971
