0.0
5.049999999999999
24.849999999999998
28.249999999999996
34.55
42.24999999999999
47.29999999999999
49.69999999999999
52.09999999999999
54.999999999999986
58.149999999999984
60.54999999999998
66.09999999999998
75.95
78.35000000000001
85.80000000000003
90.35000000000004
92.75000000000004
98.30000000000005
100.70000000000006
103.10000000000007
108.40000000000008
113.45000000000009
115.8500000000001
119.0000000000001
128.8500000000001
133.90000000000012
136.30000000000013
144.00000000000014
146.40000000000015
155.35000000000016
168.00000000000017
170.40000000000018
178.8500000000002
181.2500000000002
183.6500000000002
190.60000000000022
193.50000000000023
198.80000000000024
201.20000000000024
216.10000000000028
224.3000000000003
228.4500000000003
238.80000000000032
242.70000000000033
250.15000000000035
262.25000000000034
269.7000000000003
272.35000000000025
275.7500000000002
278.4000000000002
281.8000000000002
283.95000000000016
291.1500000000001
293.55000000000007
295.95000000000005
299.1
306.54999999999995
308.94999999999993
311.3499999999999
315.89999999999986
323.8499999999998
337.2499999999998
339.89999999999975
342.2999999999997
347.3499999999997
349.99999999999966
352.89999999999964
355.2999999999996
357.6999999999996
362.74999999999955
371.4499999999995
374.09999999999945
383.2999999999994
394.8999999999993
397.7999999999993
410.54999999999916
415.8499999999991
421.89999999999907
428.849999999999
431.249999999999
439.9499999999989
450.5499999999988
453.1999999999988
456.0999999999988
461.1499999999987
464.5499999999987
469.84999999999866
477.2999999999986
481.84999999999854
484.2499999999985
486.6499999999985
506.9999999999984
512.0499999999984
514.9499999999983
517.3499999999983
522.1499999999983
524.7999999999982
541.1999999999981
550.799999999998
553.199999999998
571.9999999999978
574.6499999999978
577.0499999999978
584.2499999999977
586.6499999999977
591.6999999999977
599.3999999999976
614.0499999999975
616.4499999999974
621.4999999999974
624.1499999999974
637.3999999999972
640.0499999999972
642.4499999999972
654.0499999999971
