0.0	0.0	0.0	1.0	NULL
0.0	6.0	7.0	1.0	con_incongruent
6.999999999999999	0.0	0.298	1.0	NULL
7.297999999999999	1.0	7.0	1.0	pos_congruent
14.298000000000002	0.0	0.0	1.0	NULL
14.298000000000002	6.0	7.0	1.0	con_incongruent
21.298000000000005	0.0	0.298	1.0	NULL
21.596000000000004	4.0	7.0	1.0	neg_incongruent
28.596000000000004	0.0	0.0	1.0	NULL
28.596000000000004	6.0	7.0	1.0	con_incongruent
35.59600000000001	0.0	0.298	1.0	NULL
35.89400000000001	2.0	7.0	1.0	pos_incongruent
42.894000000000005	0.0	0.298	1.0	NULL
43.19200000000001	6.0	7.0	1.0	con_incongruent
50.19200000000001	0.0	0.298	1.0	NULL
50.49000000000001	1.0	7.0	1.0	pos_congruent
57.49000000000002	0.0	0.8939999999999999	1.0	NULL
58.38400000000002	1.0	7.0	1.0	pos_congruent
65.38400000000001	0.0	0.596	1.0	NULL
65.98000000000002	5.0	7.0	1.0	con_congruent
72.98000000000002	0.0	0.298	1.0	NULL
73.27800000000002	2.0	7.0	1.0	pos_incongruent
80.27800000000002	0.0	0.596	1.0	NULL
80.87400000000002	2.0	7.0	1.0	pos_incongruent
87.87400000000004	0.0	0.596	1.0	NULL
88.47000000000004	6.0	7.0	1.0	con_incongruent
95.47000000000004	0.0	0.298	1.0	NULL
95.76800000000004	5.0	7.0	1.0	con_congruent
102.76800000000004	0.0	0.298	1.0	NULL
103.06600000000005	4.0	7.0	1.0	neg_incongruent
110.06600000000003	0.0	0.298	1.0	NULL
110.36400000000003	1.0	7.0	1.0	pos_congruent
117.36400000000003	0.0	0.0	1.0	NULL
117.36400000000003	3.0	7.0	1.0	neg_congruent
124.36400000000003	0.0	0.596	1.0	NULL
124.96000000000004	4.0	7.0	1.0	neg_incongruent
131.96000000000004	0.0	0.298	1.0	NULL
132.25800000000004	5.0	7.0	1.0	con_congruent
139.25800000000004	0.0	0.298	1.0	NULL
139.55600000000004	6.0	7.0	1.0	con_incongruent
146.55600000000004	0.0	0.298	1.0	NULL
146.85400000000004	2.0	7.0	1.0	pos_incongruent
153.85400000000004	0.0	0.298	1.0	NULL
154.15200000000004	6.0	7.0	1.0	con_incongruent
161.15200000000004	0.0	0.298	1.0	NULL
161.45000000000005	2.0	7.0	1.0	pos_incongruent
168.45000000000005	0.0	0.298	1.0	NULL
168.74800000000005	6.0	7.0	1.0	con_incongruent
175.74800000000002	0.0	0.8939999999999999	1.0	NULL
176.64200000000002	1.0	7.0	1.0	pos_congruent
183.64200000000002	0.0	0.298	1.0	NULL
183.94000000000003	2.0	7.0	1.0	pos_incongruent
190.94000000000008	0.0	0.298	1.0	NULL
191.23800000000008	4.0	7.0	1.0	neg_incongruent
198.23800000000008	0.0	0.596	1.0	NULL
198.8340000000001	2.0	7.0	1.0	pos_incongruent
205.8340000000001	0.0	0.298	1.0	NULL
206.1320000000001	4.0	7.0	1.0	neg_incongruent
213.13200000000006	0.0	1.7879999999999998	1.0	NULL
214.92000000000007	2.0	7.0	1.0	pos_incongruent
221.92000000000007	0.0	0.298	1.0	NULL
222.21800000000007	4.0	7.0	1.0	neg_incongruent
229.21800000000007	0.0	0.0	1.0	NULL
229.21800000000007	2.0	7.0	1.0	pos_incongruent
236.21800000000007	0.0	0.0	1.0	NULL
236.21800000000007	2.0	7.0	1.0	pos_incongruent
243.21800000000007	0.0	0.0	1.0	NULL
243.21800000000007	6.0	7.0	1.0	con_incongruent
250.21800000000007	0.0	0.596	1.0	NULL
250.81400000000008	2.0	7.0	1.0	pos_incongruent
257.8140000000001	0.0	0.8939999999999999	1.0	NULL
258.7080000000001	3.0	7.0	1.0	neg_congruent
265.7080000000001	0.0	0.298	1.0	NULL
266.0060000000001	3.0	7.0	1.0	neg_congruent
273.0060000000001	0.0	1.192	1.0	NULL
274.1980000000001	3.0	7.0	1.0	neg_congruent
281.1980000000001	0.0	0.298	1.0	NULL
281.4960000000001	1.0	7.0	1.0	pos_congruent
288.4960000000001	0.0	0.298	1.0	NULL
288.7940000000001	3.0	7.0	1.0	neg_congruent
295.7940000000001	0.0	0.298	1.0	NULL
296.0920000000001	1.0	7.0	1.0	pos_congruent
303.0920000000001	0.0	0.0	1.0	NULL
303.0920000000001	4.0	7.0	1.0	neg_incongruent
310.0920000000001	0.0	0.8939999999999999	1.0	NULL
310.9860000000001	3.0	7.0	1.0	neg_congruent
317.9860000000001	0.0	0.298	1.0	NULL
318.2840000000001	1.0	7.0	1.0	pos_congruent
325.2840000000001	0.0	0.298	1.0	NULL
325.5820000000001	2.0	7.0	1.0	pos_incongruent
332.5820000000001	0.0	0.8939999999999999	1.0	NULL
333.4760000000001	1.0	7.0	1.0	pos_congruent
340.4760000000001	0.0	0.298	1.0	NULL
340.7740000000001	2.0	7.0	1.0	pos_incongruent
347.7740000000001	0.0	1.7879999999999998	1.0	NULL
349.5620000000001	3.0	7.0	1.0	neg_congruent
366.5620000000001	0.0	0.298	1.0	NULL
366.8600000000001	2.0	7.0	1.0	pos_incongruent
373.8600000000001	0.0	0.0	1.0	NULL
373.8600000000001	1.0	7.0	1.0	pos_congruent
380.86000000000007	0.0	0.298	1.0	NULL
381.1580000000001	6.0	7.0	1.0	con_incongruent
388.15800000000013	0.0	1.49	1.0	NULL
389.64800000000014	1.0	7.0	1.0	pos_congruent
396.64800000000014	0.0	0.298	1.0	NULL
396.94600000000014	1.0	7.0	1.0	pos_congruent
403.94600000000014	0.0	0.298	1.0	NULL
404.24400000000014	2.0	7.0	1.0	pos_incongruent
411.24400000000014	0.0	0.298	1.0	NULL
411.54200000000014	6.0	7.0	1.0	con_incongruent
418.54200000000014	0.0	0.0	1.0	NULL
418.54200000000014	6.0	7.0	1.0	con_incongruent
425.54200000000014	0.0	0.596	1.0	NULL
426.13800000000015	5.0	7.0	1.0	con_congruent
433.13800000000015	0.0	0.298	1.0	NULL
433.43600000000015	5.0	7.0	1.0	con_congruent
440.43600000000015	0.0	0.298	1.0	NULL
440.73400000000015	2.0	7.0	1.0	pos_incongruent
447.73400000000015	0.0	0.596	1.0	NULL
448.33000000000015	3.0	7.0	1.0	neg_congruent
455.33000000000015	0.0	0.8939999999999999	1.0	NULL
456.22400000000016	6.0	7.0	1.0	con_incongruent
463.22400000000016	0.0	0.298	1.0	NULL
463.52200000000016	6.0	7.0	1.0	con_incongruent
470.52200000000016	0.0	0.298	1.0	NULL
470.82000000000016	6.0	7.0	1.0	con_incongruent
477.82000000000016	0.0	0.0	1.0	NULL
477.82000000000016	6.0	7.0	1.0	con_incongruent
484.82000000000016	0.0	1.192	1.0	NULL
486.01200000000017	3.0	7.0	1.0	neg_congruent
493.01200000000017	0.0	0.298	1.0	NULL
493.3100000000002	5.0	7.0	1.0	con_congruent
500.3100000000002	0.0	0.0	1.0	NULL
500.3100000000002	3.0	7.0	1.0	neg_congruent
507.3100000000002	0.0	0.298	1.0	NULL
507.6080000000002	1.0	7.0	1.0	pos_congruent
514.6080000000002	0.0	0.298	1.0	NULL
514.9060000000002	1.0	7.0	1.0	pos_congruent
521.9060000000002	0.0	0.596	1.0	NULL
522.5020000000002	1.0	7.0	1.0	pos_congruent
529.5020000000002	0.0	0.596	1.0	NULL
530.0980000000002	6.0	7.0	1.0	con_incongruent
537.0980000000002	0.0	0.298	1.0	NULL
537.3960000000002	1.0	7.0	1.0	pos_congruent
544.3960000000002	0.0	0.298	1.0	NULL
544.6940000000002	6.0	7.0	1.0	con_incongruent
551.6940000000002	0.0	0.596	1.0	NULL
552.2900000000002	1.0	7.0	1.0	pos_congruent
559.2900000000002	0.0	0.596	1.0	NULL
559.8860000000002	6.0	7.0	1.0	con_incongruent
566.8860000000002	0.0	0.298	1.0	NULL
567.1840000000002	5.0	7.0	1.0	con_congruent
574.1840000000002	0.0	0.298	1.0	NULL
574.4820000000002	2.0	7.0	1.0	pos_incongruent
581.4820000000002	0.0	0.298	1.0	NULL
581.7800000000002	2.0	7.0	1.0	pos_incongruent
588.7800000000002	0.0	0.298	1.0	NULL
589.0780000000002	6.0	7.0	1.0	con_incongruent
596.0780000000002	0.0	1.7879999999999998	1.0	NULL
597.8660000000002	6.0	7.0	1.0	con_incongruent
604.8660000000002	0.0	0.298	1.0	NULL
605.1640000000002	1.0	7.0	1.0	pos_congruent
612.1640000000002	0.0	0.298	1.0	NULL
612.4620000000002	3.0	7.0	1.0	neg_congruent
619.4620000000002	0.0	0.0	1.0	NULL
619.4620000000002	2.0	7.0	1.0	pos_incongruent
626.4620000000002	0.0	0.298	1.0	NULL
626.7600000000002	3.0	7.0	1.0	neg_congruent
633.7600000000002	0.0	2.086	1.0	NULL
635.8460000000002	2.0	7.0	1.0	pos_incongruent
642.8460000000002	0.0	0.298	1.0	NULL
643.1440000000002	5.0	7.0	1.0	con_congruent
650.1440000000002	0.0	0.0	1.0	NULL
650.1440000000002	6.0	7.0	1.0	con_incongruent
657.1440000000002	0.0	0.8939999999999999	1.0	NULL
658.0380000000002	6.0	7.0	1.0	con_incongruent
665.0380000000002	0.0	0.298	1.0	NULL
665.3360000000002	6.0	7.0	1.0	con_incongruent
672.3360000000002	0.0	0.298	1.0	NULL
672.6340000000002	6.0	7.0	1.0	con_incongruent
679.6340000000002	0.0	0.298	1.0	NULL
679.9320000000002	5.0	7.0	1.0	con_congruent
686.9320000000004	0.0	0.596	1.0	NULL
687.5280000000004	5.0	7.0	1.0	con_congruent
694.5280000000002	0.0	0.596	1.0	NULL
695.1240000000003	4.0	7.0	1.0	neg_incongruent
702.1240000000003	0.0	0.0	1.0	NULL
702.1240000000003	1.0	7.0	1.0	pos_congruent
709.1240000000003	0.0	1.192	1.0	NULL
710.3160000000003	2.0	7.0	1.0	pos_incongruent
717.3160000000003	0.0	0.298	1.0	NULL
717.6140000000003	1.0	7.0	1.0	pos_congruent
734.6140000000003	0.0	0.8939999999999999	1.0	NULL
735.5080000000003	6.0	7.0	1.0	con_incongruent
742.5080000000003	0.0	0.298	1.0	NULL
742.8060000000003	1.0	7.0	1.0	pos_congruent
749.8060000000003	0.0	0.8939999999999999	1.0	NULL
750.7000000000003	4.0	7.0	1.0	neg_incongruent
757.7000000000003	0.0	0.596	1.0	NULL
758.2960000000003	6.0	7.0	1.0	con_incongruent
765.2960000000003	0.0	0.298	1.0	NULL
765.5940000000003	6.0	7.0	1.0	con_incongruent
772.5940000000003	0.0	0.8939999999999999	1.0	NULL
773.4880000000003	3.0	7.0	1.0	neg_congruent
780.4880000000003	0.0	0.8939999999999999	1.0	NULL
781.3820000000003	3.0	7.0	1.0	neg_congruent
788.3820000000003	0.0	0.298	1.0	NULL
788.6800000000003	5.0	7.0	1.0	con_congruent
795.6800000000003	0.0	0.298	1.0	NULL
795.9780000000003	1.0	7.0	1.0	pos_congruent
802.9780000000003	0.0	0.0	1.0	NULL
802.9780000000003	2.0	7.0	1.0	pos_incongruent
809.9780000000003	0.0	0.298	1.0	NULL
810.2760000000003	2.0	7.0	1.0	pos_incongruent
817.2760000000003	0.0	0.298	1.0	NULL
817.5740000000003	6.0	7.0	1.0	con_incongruent
824.5740000000003	0.0	0.0	1.0	NULL
824.5740000000003	1.0	7.0	1.0	pos_congruent
831.5740000000003	0.0	0.298	1.0	NULL
831.8720000000003	1.0	7.0	1.0	pos_congruent
838.8720000000003	0.0	0.8939999999999999	1.0	NULL
839.7660000000003	4.0	7.0	1.0	neg_incongruent
846.7660000000003	0.0	0.0	1.0	NULL
846.7660000000003	2.0	7.0	1.0	pos_incongruent
853.7660000000003	0.0	0.298	1.0	NULL
854.0640000000003	3.0	7.0	1.0	neg_congruent
861.0640000000003	0.0	0.8939999999999999	1.0	NULL
861.9580000000003	6.0	7.0	1.0	con_incongruent
868.9580000000003	0.0	0.298	1.0	NULL
869.2560000000003	2.0	7.0	1.0	pos_incongruent
876.2560000000003	0.0	0.8939999999999999	1.0	NULL
877.1500000000003	2.0	7.0	1.0	pos_incongruent
884.1500000000003	0.0	0.298	1.0	NULL
884.4480000000003	6.0	7.0	1.0	con_incongruent
891.4480000000003	0.0	1.49	1.0	NULL
892.9380000000003	6.0	7.0	1.0	con_incongruent
899.9380000000003	0.0	0.298	1.0	NULL
900.2360000000003	5.0	7.0	1.0	con_congruent
907.2360000000003	0.0	1.7879999999999998	1.0	NULL
909.0240000000003	2.0	7.0	1.0	pos_incongruent
916.0240000000003	0.0	0.8939999999999999	1.0	NULL
916.9180000000003	1.0	7.0	1.0	pos_congruent
923.9180000000003	0.0	0.298	1.0	NULL
924.2160000000003	2.0	7.0	1.0	pos_incongruent
931.2160000000003	0.0	0.298	1.0	NULL
931.5140000000004	2.0	7.0	1.0	pos_incongruent
938.5140000000004	0.0	0.298	1.0	NULL
938.8120000000004	1.0	7.0	1.0	pos_congruent
945.8120000000004	0.0	0.596	1.0	NULL
946.4080000000004	4.0	7.0	1.0	neg_incongruent
953.4080000000004	0.0	0.298	1.0	NULL
953.7060000000004	6.0	7.0	1.0	con_incongruent
960.7060000000002	0.0	0.8939999999999999	1.0	NULL
961.6000000000003	2.0	7.0	1.0	pos_incongruent
968.6000000000003	0.0	0.596	1.0	NULL
969.1960000000003	3.0	7.0	1.0	neg_congruent
976.1960000000003	0.0	1.49	1.0	NULL
977.6860000000003	2.0	7.0	1.0	pos_incongruent
984.6860000000003	0.0	1.192	1.0	NULL
985.8780000000003	6.0	7.0	1.0	con_incongruent
992.8780000000003	0.0	0.298	1.0	NULL
993.1760000000003	3.0	7.0	1.0	neg_congruent
1000.1760000000003	0.0	0.298	1.0	NULL
1000.4740000000003	1.0	7.0	1.0	pos_congruent
1007.4740000000003	0.0	0.596	1.0	NULL
1008.0700000000003	6.0	7.0	1.0	con_incongruent
1015.0700000000003	0.0	0.596	1.0	NULL
1015.6660000000003	1.0	7.0	1.0	pos_congruent
1022.6660000000003	0.0	0.298	1.0	NULL
1022.9640000000003	6.0	7.0	1.0	con_incongruent
1029.9640000000004	0.0	0.298	1.0	NULL
1030.2620000000004	6.0	7.0	1.0	con_incongruent
1037.2620000000004	0.0	0.298	1.0	NULL
1037.5600000000004	2.0	7.0	1.0	pos_incongruent
1044.5600000000004	0.0	0.298	1.0	NULL
1044.8580000000004	6.0	7.0	1.0	con_incongruent
1051.8580000000004	0.0	0.298	1.0	NULL
1052.1560000000004	1.0	7.0	1.0	pos_congruent
1059.1560000000004	0.0	0.298	1.0	NULL
1059.4540000000004	1.0	7.0	1.0	pos_congruent
1066.4540000000004	0.0	0.298	1.0	NULL
1066.7520000000004	1.0	7.0	1.0	pos_congruent
1073.7520000000004	0.0	0.8939999999999999	1.0	NULL
1074.6460000000004	1.0	7.0	1.0	pos_congruent
1081.6460000000004	0.0	0.298	1.0	NULL
1081.9440000000004	2.0	7.0	1.0	pos_incongruent
1088.9440000000004	0.0	0.298	1.0	NULL
1089.2420000000004	1.0	7.0	1.0	pos_congruent
