7.298
50.49000000000001
58.384000000000015
110.36400000000003
176.64200000000005
281.4960000000001
296.0920000000001
318.2840000000001
333.4760000000001
373.8600000000001
389.64800000000014
396.94600000000014
507.6080000000002
514.9060000000002
522.5020000000002
537.3960000000002
552.2900000000002
605.1640000000002
702.1240000000003
717.6140000000003
742.8060000000003
795.9780000000003
824.5740000000003
831.8720000000003
916.9180000000003
938.8120000000004
1000.4740000000004
1015.6660000000004
1052.1560000000004
1059.4540000000004
1066.7520000000004
1074.6460000000004
1089.2420000000004
