35.894000000000005
73.27800000000002
80.87400000000002
146.85400000000004
161.45000000000005
183.94000000000005
198.83400000000006
214.92000000000007
229.21800000000007
236.21800000000007
250.81400000000008
325.5820000000001
340.7740000000001
366.8600000000001
404.24400000000014
440.73400000000015
574.4820000000002
581.7800000000002
619.4620000000002
635.8460000000002
710.3160000000003
802.9780000000003
810.2760000000003
846.7660000000003
869.2560000000003
877.1500000000003
909.0240000000003
924.2160000000003
931.5140000000004
961.6000000000004
977.6860000000004
1037.5600000000004
1081.9440000000004
