0.0
14.298000000000002
28.596000000000004
43.19200000000001
88.47000000000003
139.55600000000004
154.15200000000004
168.74800000000005
243.21800000000007
381.15800000000013
411.54200000000014
418.54200000000014
456.22400000000016
463.52200000000016
470.82000000000016
477.82000000000016
530.0980000000002
544.6940000000002
559.8860000000002
589.0780000000002
597.8660000000002
650.1440000000002
658.0380000000002
665.3360000000002
672.6340000000002
735.5080000000003
758.2960000000003
765.5940000000003
817.5740000000003
861.9580000000003
884.4480000000003
892.9380000000003
953.7060000000004
985.8780000000004
1008.0700000000004
1022.9640000000004
1030.2620000000004
1044.8580000000004
