2.25
7.25
9.75
12.25
22.0
24.25
32.5
34.75
38.75
43.25
45.5
62.75
65.25
67.5
69.75
77.5
85.25
91.0
96.5
103.5
106.0
111.25
132.75
142.75
147.25
150.25
155.25
158.0
160.5
162.75
165.5
167.75
172.75
178.0
181.0
184.0
193.0
195.25
202.25
204.5
207.0
211.75
214.25
229.0
231.5
233.75
236.5
243.25
263.5
268.0
272.75
280.0
282.25
286.75
298.25
308.0
312.0
314.25
319.25
322.75
324.75
327.0
329.5
332.25
338.0
343.25
346.0
349.0
359.75
362.0
368.75
371.25
373.5
378.0
390.25
404.75
407.0
409.25
412.0
421.5
429.0
435.25
439.5
447.0
449.25
454.0
465.75
477.25
481.75
484.25
489.5
491.75
494.0
496.25
498.75
501.0
505.5
