0.0
5.0
14.75
17.0
19.75
27.0
30.25
41.0
47.75
50.0
54.75
57.0
60.5
72.0
74.75
80.25
82.5
88.0
94.25
99.0
101.25
108.25
113.5
115.75
118.5
120.75
135.0
137.25
140.5
145.0
153.0
170.75
175.25
186.25
188.5
190.75
197.75
200.25
209.25
216.5
218.75
221.75
224.25
226.75
238.75
241.25
245.5
250.25
265.75
270.25
275.75
277.75
284.5
289.0
291.25
293.5
295.75
300.5
302.75
305.75
310.0
316.5
334.5
340.5
352.25
355.0
357.25
364.25
366.25
375.75
392.75
395.0
397.25
399.5
401.5
415.0
418.5
424.25
426.5
431.75
437.25
442.0
444.5
451.5
456.25
458.5
460.75
463.0
469.75
472.0
474.75
479.5
486.25
503.25
507.5
