22.192
29.490000000000002
36.788000000000004
44.086000000000006
59.278000000000006
66.57600000000001
103.96000000000001
111.25800000000001
118.55600000000001
155.64200000000002
162.94000000000003
184.83400000000003
192.13200000000003
199.13200000000003
214.32400000000004
237.70800000000006
259.00600000000003
273.90000000000003
281.19800000000004
288.79400000000004
319.77400000000006
447.7340000000001
561.3760000000001
570.4620000000001
675.6140000000001
791.3620000000002
880.7260000000002
962.1960000000003
984.9840000000003
1061.2420000000002
1083.4340000000002
