0.0
2.9
11.1
24.849999999999994
40.499999999999986
47.29999999999998
50.44999999999998
53.09999999999998
59.14999999999998
62.299999999999976
69.74999999999999
73.14999999999999
104.20000000000006
106.60000000000007
135.2500000000001
161.90000000000015
164.30000000000015
169.10000000000016
179.2000000000002
181.6000000000002
186.6500000000002
195.60000000000022
203.30000000000024
218.45000000000027
242.70000000000033
245.60000000000034
251.65000000000035
268.9500000000002
273.1000000000002
311.49999999999994
314.1499999999999
331.2999999999998
338.4999999999997
340.8999999999997
371.6999999999994
374.8499999999994
377.9999999999994
398.6999999999992
405.8999999999991
413.59999999999906
420.649999999999
424.049999999999
432.2499999999989
456.2499999999988
472.89999999999867
491.9499999999985
499.39999999999844
525.1499999999983
534.9999999999982
548.2499999999981
570.0999999999979
