5.799999999999999
14.499999999999998
22.199999999999996
27.749999999999993
32.54999999999999
35.19999999999999
75.55
80.60000000000001
85.65000000000002
88.55000000000003
96.50000000000004
109.25000000000007
118.8500000000001
137.65000000000012
150.55000000000013
174.40000000000018
184.0000000000002
210.50000000000026
213.15000000000026
223.25000000000028
225.9000000000003
233.3500000000003
237.90000000000032
240.30000000000032
248.75000000000034
258.8500000000003
261.2500000000003
266.30000000000024
301.15000000000003
303.55
317.0499999999999
333.69999999999976
348.3499999999996
353.3999999999996
355.79999999999956
358.19999999999953
364.2499999999995
366.64999999999947
390.74999999999926
408.5499999999991
411.1999999999991
416.24999999999903
429.59999999999894
448.2999999999989
463.69999999999874
467.3499999999987
470.4999999999987
475.29999999999865
496.99999999999847
502.0499999999984
506.8499999999984
509.24999999999835
511.3999999999984
513.5499999999984
518.3499999999983
521.2499999999983
532.5999999999982
537.3999999999982
540.0499999999981
542.4499999999981
555.449999999998
560.249999999998
