8.2
16.9
19.549999999999997
30.14999999999999
37.59999999999999
43.149999999999984
55.74999999999998
64.69999999999997
67.09999999999998
77.95
83.50000000000001
90.95000000000003
94.10000000000004
98.90000000000005
101.30000000000005
111.65000000000008
114.05000000000008
116.20000000000009
121.5000000000001
124.1500000000001
126.8000000000001
129.7000000000001
132.8500000000001
152.95000000000013
155.35000000000014
158.50000000000014
166.70000000000016
171.50000000000017
176.80000000000018
189.8000000000002
192.70000000000022
198.50000000000023
200.90000000000023
205.70000000000024
208.10000000000025
216.05000000000027
220.85000000000028
228.5500000000003
230.9500000000003
235.5000000000003
254.05000000000032
256.45000000000033
263.90000000000026
275.75000000000017
278.65000000000015
281.0500000000001
283.4500000000001
295.8500000000001
298.50000000000006
306.45
308.84999999999997
319.4499999999999
322.09999999999985
325.74999999999983
328.1499999999998
336.09999999999974
343.29999999999967
346.19999999999965
350.9999999999996
361.8499999999995
369.29999999999944
380.14999999999935
382.54999999999933
385.1999999999993
388.3499999999993
392.89999999999924
395.7999999999992
401.09999999999917
403.49999999999915
426.44999999999897
445.3999999999989
450.94999999999885
453.84999999999883
458.6499999999988
461.04999999999876
478.9499999999986
481.3499999999986
484.2499999999986
486.64999999999856
489.54999999999853
494.3499999999985
504.4499999999984
515.9499999999983
527.5499999999982
530.1999999999982
545.3499999999981
550.649999999998
553.049999999998
557.849999999998
562.8999999999979
565.2999999999979
567.6999999999979
573.2499999999978
576.1499999999978
578.5499999999978
