0.0	0.0	0.0	1.0	NULL
0.0	3.0	2.15	1.0	tswitch_cswitch
2.15	0.0	0.25	1.0	NULL
2.4	3.0	2.15	1.0	tswitch_cswitch
4.549999999999999	0.0	0.25	1.0	NULL
4.799999999999999	1.0	2.15	1.0	tstay_cstay
6.949999999999998	0.0	0.75	1.0	NULL
7.699999999999998	2.0	2.15	1.0	tstay_cswitch
9.85	0.0	0.25	1.0	NULL
10.1	3.0	2.15	1.0	tswitch_cswitch
12.25	0.0	1.25	1.0	NULL
13.5	3.0	2.15	1.0	tswitch_cswitch
15.650000000000002	0.0	0.5	1.0	NULL
16.150000000000002	2.0	2.15	1.0	tstay_cswitch
18.3	0.0	0.5	1.0	NULL
18.8	2.0	2.15	1.0	tstay_cswitch
20.95	0.0	0.5	1.0	NULL
21.45	3.0	2.15	1.0	tswitch_cswitch
23.6	0.0	0.25	1.0	NULL
23.85	2.0	2.15	1.0	tstay_cswitch
26.0	0.0	0.25	1.0	NULL
26.25	1.0	2.15	1.0	tstay_cstay
28.399999999999995	0.0	0.25	1.0	NULL
28.649999999999995	3.0	2.15	1.0	tswitch_cswitch
30.8	0.0	0.25	1.0	NULL
31.05	3.0	2.15	1.0	tswitch_cswitch
33.2	0.0	0.75	1.0	NULL
33.95	1.0	2.15	1.0	tstay_cstay
36.1	0.0	0.25	1.0	NULL
36.35	3.0	2.15	1.0	tswitch_cswitch
38.49999999999999	0.0	1.25	1.0	NULL
39.74999999999999	1.0	2.15	1.0	tstay_cstay
41.89999999999999	0.0	0.5	1.0	NULL
42.39999999999999	1.0	2.15	1.0	tstay_cstay
44.54999999999999	0.0	0.0	1.0	NULL
44.54999999999999	3.0	2.15	1.0	tswitch_cswitch
46.69999999999999	0.0	0.5	1.0	NULL
47.19999999999999	3.0	2.15	1.0	tswitch_cswitch
49.34999999999999	0.0	0.5	1.0	NULL
49.84999999999999	3.0	2.15	1.0	tswitch_cswitch
51.99999999999999	0.0	2.5	1.0	NULL
54.49999999999999	3.0	2.15	1.0	tswitch_cswitch
56.649999999999984	0.0	0.0	1.0	NULL
56.649999999999984	3.0	2.15	1.0	tswitch_cswitch
58.79999999999998	0.0	0.25	1.0	NULL
59.04999999999998	2.0	2.15	1.0	tstay_cswitch
61.19999999999998	0.0	0.25	1.0	NULL
61.44999999999998	1.0	2.15	1.0	tstay_cstay
63.59999999999999	0.0	0.25	1.0	NULL
63.84999999999999	3.0	2.15	1.0	tswitch_cswitch
65.99999999999999	0.0	0.75	1.0	NULL
66.74999999999999	1.0	2.15	1.0	tstay_cstay
68.89999999999999	0.0	0.75	1.0	NULL
69.64999999999999	3.0	2.15	1.0	tswitch_cswitch
71.8	0.0	0.25	1.0	NULL
72.05	3.0	2.15	1.0	tswitch_cswitch
74.2	0.0	0.75	1.0	NULL
74.95	1.0	2.15	1.0	tstay_cstay
77.10000000000002	0.0	0.75	1.0	NULL
77.85000000000002	3.0	2.15	1.0	tswitch_cswitch
80.00000000000001	0.0	0.25	1.0	NULL
80.25000000000001	2.0	2.15	1.0	tstay_cswitch
82.40000000000002	0.0	0.25	1.0	NULL
82.65000000000002	3.0	2.15	1.0	tswitch_cswitch
84.80000000000003	0.0	0.25	1.0	NULL
85.05000000000003	3.0	2.15	1.0	tswitch_cswitch
87.20000000000003	0.0	0.25	1.0	NULL
87.45000000000003	3.0	2.15	1.0	tswitch_cswitch
89.60000000000004	0.0	0.25	1.0	NULL
89.85000000000004	3.0	2.15	1.0	tswitch_cswitch
92.00000000000004	0.0	0.25	1.0	NULL
92.25000000000004	3.0	2.15	1.0	tswitch_cswitch
94.40000000000003	0.0	0.25	1.0	NULL
94.65000000000003	2.0	2.15	1.0	tstay_cswitch
96.80000000000004	0.0	0.25	1.0	NULL
97.05000000000004	3.0	2.15	1.0	tswitch_cswitch
99.20000000000006	0.0	0.25	1.0	NULL
99.45000000000006	1.0	2.15	1.0	tstay_cstay
101.60000000000008	0.0	0.5	1.0	NULL
102.10000000000008	2.0	2.15	1.0	tstay_cswitch
104.25000000000007	0.0	0.5	1.0	NULL
104.75000000000007	3.0	2.15	1.0	tswitch_cswitch
106.90000000000008	0.0	1.25	1.0	NULL
108.15000000000008	3.0	2.15	1.0	tswitch_cswitch
110.30000000000008	0.0	0.75	1.0	NULL
111.05000000000008	3.0	2.15	1.0	tswitch_cswitch
113.20000000000007	0.0	0.25	1.0	NULL
113.45000000000007	1.0	2.15	1.0	tstay_cstay
115.6000000000001	0.0	0.25	1.0	NULL
115.8500000000001	3.0	2.15	1.0	tswitch_cswitch
118.0000000000001	0.0	0.75	1.0	NULL
118.7500000000001	3.0	2.15	1.0	tswitch_cswitch
120.90000000000009	0.0	0.25	1.0	NULL
121.15000000000009	3.0	2.15	1.0	tswitch_cswitch
123.30000000000014	0.0	0.25	1.0	NULL
123.55000000000014	3.0	2.15	1.0	tswitch_cswitch
125.7000000000001	0.0	0.25	1.0	NULL
125.9500000000001	3.0	2.15	1.0	tswitch_cswitch
128.1000000000001	0.0	0.5	1.0	NULL
128.6000000000001	3.0	2.15	1.0	tswitch_cswitch
130.75000000000009	0.0	0.75	1.0	NULL
131.50000000000009	3.0	2.15	1.0	tswitch_cswitch
133.65000000000012	0.0	0.0	1.0	NULL
133.65000000000012	2.0	2.15	1.0	tstay_cswitch
135.80000000000013	0.0	0.25	1.0	NULL
136.05000000000013	1.0	2.15	1.0	tstay_cstay
138.20000000000013	0.0	0.25	1.0	NULL
138.45000000000013	3.0	2.15	1.0	tswitch_cswitch
140.60000000000014	0.0	0.75	1.0	NULL
141.35000000000014	3.0	2.15	1.0	tswitch_cswitch
143.50000000000014	0.0	0.25	1.0	NULL
143.75000000000014	2.0	2.15	1.0	tstay_cswitch
145.90000000000015	0.0	0.25	1.0	NULL
146.15000000000015	3.0	2.15	1.0	tswitch_cswitch
148.30000000000015	0.0	0.25	1.0	NULL
148.55000000000015	3.0	2.15	1.0	tswitch_cswitch
150.70000000000016	0.0	0.25	1.0	NULL
150.95000000000016	3.0	2.15	1.0	tswitch_cswitch
153.10000000000016	0.0	0.5	1.0	NULL
153.60000000000016	3.0	2.15	1.0	tswitch_cswitch
165.75000000000014	0.0	0.5	1.0	NULL
166.25000000000014	1.0	2.15	1.0	tstay_cstay
168.4000000000002	0.0	0.25	1.0	NULL
168.6500000000002	1.0	2.15	1.0	tstay_cstay
170.80000000000018	0.0	0.25	1.0	NULL
171.05000000000018	2.0	2.15	1.0	tstay_cswitch
173.2000000000002	0.0	0.25	1.0	NULL
173.4500000000002	1.0	2.15	1.0	tstay_cstay
175.6000000000002	0.0	0.25	1.0	NULL
175.8500000000002	3.0	2.15	1.0	tswitch_cswitch
178.0000000000002	0.0	0.25	1.0	NULL
178.2500000000002	1.0	2.15	1.0	tstay_cstay
180.4000000000002	0.0	0.75	1.0	NULL
181.1500000000002	2.0	2.15	1.0	tstay_cswitch
183.30000000000018	0.0	0.25	1.0	NULL
183.55000000000018	1.0	2.15	1.0	tstay_cstay
185.70000000000027	0.0	0.25	1.0	NULL
185.95000000000027	3.0	2.15	1.0	tswitch_cswitch
188.10000000000028	0.0	0.75	1.0	NULL
188.85000000000028	1.0	2.15	1.0	tstay_cstay
191.00000000000026	0.0	0.25	1.0	NULL
191.25000000000026	3.0	2.15	1.0	tswitch_cswitch
193.40000000000026	0.0	0.5	1.0	NULL
193.90000000000026	3.0	2.15	1.0	tswitch_cswitch
196.05000000000027	0.0	0.25	1.0	NULL
196.30000000000027	3.0	2.15	1.0	tswitch_cswitch
198.45000000000027	0.0	0.5	1.0	NULL
198.95000000000027	2.0	2.15	1.0	tstay_cswitch
201.10000000000028	0.0	0.5	1.0	NULL
201.60000000000028	3.0	2.15	1.0	tswitch_cswitch
203.75000000000026	0.0	0.25	1.0	NULL
204.00000000000026	3.0	2.15	1.0	tswitch_cswitch
206.15000000000026	0.0	0.25	1.0	NULL
206.40000000000026	1.0	2.15	1.0	tstay_cstay
208.55000000000027	0.0	0.25	1.0	NULL
208.80000000000027	2.0	2.15	1.0	tstay_cswitch
210.95000000000027	0.0	1.25	1.0	NULL
212.20000000000027	3.0	2.15	1.0	tswitch_cswitch
214.35000000000028	0.0	0.5	1.0	NULL
214.85000000000028	3.0	2.15	1.0	tswitch_cswitch
217.00000000000026	0.0	0.25	1.0	NULL
217.25000000000026	3.0	2.15	1.0	tswitch_cswitch
219.40000000000032	0.0	0.5	1.0	NULL
219.90000000000032	1.0	2.15	1.0	tstay_cstay
222.0500000000003	0.0	0.25	1.0	NULL
222.3000000000003	3.0	2.15	1.0	tswitch_cswitch
224.4500000000003	0.0	0.25	1.0	NULL
224.7000000000003	3.0	2.15	1.0	tswitch_cswitch
226.8500000000003	0.0	0.5	1.0	NULL
227.3500000000003	3.0	2.15	1.0	tswitch_cswitch
229.5000000000003	0.0	0.25	1.0	NULL
229.7500000000003	1.0	2.15	1.0	tstay_cstay
231.90000000000032	0.0	0.25	1.0	NULL
232.15000000000032	1.0	2.15	1.0	tstay_cstay
234.3000000000003	0.0	0.0	1.0	NULL
234.3000000000003	1.0	2.15	1.0	tstay_cstay
236.4500000000004	0.0	0.25	1.0	NULL
236.7000000000004	1.0	2.15	1.0	tstay_cstay
238.8500000000004	0.0	0.0	1.0	NULL
238.8500000000004	3.0	2.15	1.0	tswitch_cswitch
241.00000000000037	0.0	0.5	1.0	NULL
241.50000000000037	1.0	2.15	1.0	tstay_cstay
243.65000000000038	0.0	0.25	1.0	NULL
243.90000000000038	2.0	2.15	1.0	tstay_cswitch
246.05000000000038	0.0	0.5	1.0	NULL
246.55000000000038	3.0	2.15	1.0	tswitch_cswitch
248.70000000000041	0.0	0.25	1.0	NULL
248.95000000000041	3.0	2.15	1.0	tswitch_cswitch
251.10000000000042	0.0	0.75	1.0	NULL
251.85000000000042	3.0	2.15	1.0	tswitch_cswitch
254.00000000000043	0.0	0.75	1.0	NULL
254.75000000000043	2.0	2.15	1.0	tstay_cswitch
256.90000000000043	0.0	0.25	1.0	NULL
257.15000000000043	3.0	2.15	1.0	tswitch_cswitch
259.3000000000004	0.0	0.25	1.0	NULL
259.5500000000004	2.0	2.15	1.0	tstay_cswitch
261.7000000000004	0.0	0.25	1.0	NULL
261.9500000000004	1.0	2.15	1.0	tstay_cstay
264.1000000000003	0.0	0.25	1.0	NULL
264.3500000000003	1.0	2.15	1.0	tstay_cstay
266.5000000000003	0.0	0.0	1.0	NULL
266.5000000000003	3.0	2.15	1.0	tswitch_cswitch
268.65000000000026	0.0	1.0	1.0	NULL
269.65000000000026	2.0	2.15	1.0	tstay_cswitch
271.80000000000024	0.0	0.25	1.0	NULL
272.05000000000024	3.0	2.15	1.0	tswitch_cswitch
274.2000000000002	0.0	0.25	1.0	NULL
274.4500000000002	2.0	2.15	1.0	tstay_cswitch
276.6000000000002	0.0	0.5	1.0	NULL
277.1000000000002	3.0	2.15	1.0	tswitch_cswitch
279.25000000000017	0.0	0.5	1.0	NULL
279.75000000000017	1.0	2.15	1.0	tstay_cstay
281.9000000000001	0.0	0.25	1.0	NULL
282.1500000000001	2.0	2.15	1.0	tstay_cswitch
284.3000000000001	0.0	0.25	1.0	NULL
284.5500000000001	2.0	2.15	1.0	tstay_cswitch
286.7000000000001	0.0	0.75	1.0	NULL
287.4500000000001	3.0	2.15	1.0	tswitch_cswitch
289.60000000000014	0.0	0.5	1.0	NULL
290.10000000000014	3.0	2.15	1.0	tswitch_cswitch
292.25000000000006	0.0	1.0	1.0	NULL
293.25000000000006	3.0	2.15	1.0	tswitch_cswitch
295.4000000000001	0.0	1.0	1.0	NULL
296.4000000000001	1.0	2.15	1.0	tstay_cstay
298.55	0.0	0.25	1.0	NULL
298.8	3.0	2.15	1.0	tswitch_cswitch
300.95	0.0	1.5	1.0	NULL
302.45	3.0	2.15	1.0	tswitch_cswitch
304.6	0.0	1.75	1.0	NULL
306.35	3.0	2.15	1.0	tswitch_cswitch
308.49999999999994	0.0	0.25	1.0	NULL
308.74999999999994	3.0	2.15	1.0	tswitch_cswitch
310.89999999999986	0.0	0.25	1.0	NULL
311.14999999999986	1.0	2.15	1.0	tstay_cstay
313.2999999999999	0.0	1.0	1.0	NULL
314.2999999999999	3.0	2.15	1.0	tswitch_cswitch
316.4499999999999	0.0	0.5	1.0	NULL
316.9499999999999	1.0	2.15	1.0	tstay_cstay
319.0999999999998	0.0	1.25	1.0	NULL
320.3499999999998	2.0	2.15	1.0	tstay_cswitch
332.49999999999983	0.0	0.75	1.0	NULL
333.24999999999983	3.0	2.15	1.0	tswitch_cswitch
335.3999999999998	0.0	0.25	1.0	NULL
335.6499999999998	3.0	2.15	1.0	tswitch_cswitch
337.7999999999998	0.0	0.25	1.0	NULL
338.0499999999998	3.0	2.15	1.0	tswitch_cswitch
340.19999999999976	0.0	1.0	1.0	NULL
341.19999999999976	3.0	2.15	1.0	tswitch_cswitch
343.3499999999998	0.0	0.25	1.0	NULL
343.5999999999998	1.0	2.15	1.0	tstay_cstay
345.7499999999997	0.0	0.25	1.0	NULL
345.9999999999997	1.0	2.15	1.0	tstay_cstay
348.1499999999997	0.0	0.25	1.0	NULL
348.3999999999997	1.0	2.15	1.0	tstay_cstay
350.54999999999967	0.0	0.25	1.0	NULL
350.79999999999967	3.0	2.15	1.0	tswitch_cswitch
352.9499999999996	0.0	0.5	1.0	NULL
353.4499999999996	1.0	2.15	1.0	tstay_cstay
355.5999999999996	0.0	0.25	1.0	NULL
355.8499999999996	3.0	2.15	1.0	tswitch_cswitch
357.9999999999996	0.0	0.25	1.0	NULL
358.2499999999996	3.0	2.15	1.0	tswitch_cswitch
360.39999999999964	0.0	0.5	1.0	NULL
360.89999999999964	1.0	2.15	1.0	tstay_cstay
363.0499999999996	0.0	0.5	1.0	NULL
363.5499999999996	2.0	2.15	1.0	tstay_cswitch
365.6999999999995	0.0	0.5	1.0	NULL
366.1999999999995	3.0	2.15	1.0	tswitch_cswitch
368.34999999999945	0.0	0.5	1.0	NULL
368.84999999999945	3.0	2.15	1.0	tswitch_cswitch
370.9999999999995	0.0	0.25	1.0	NULL
371.2499999999995	3.0	2.15	1.0	tswitch_cswitch
373.39999999999947	0.0	0.75	1.0	NULL
374.14999999999947	2.0	2.15	1.0	tstay_cswitch
376.2999999999994	0.0	0.25	1.0	NULL
376.5499999999994	1.0	2.15	1.0	tstay_cstay
378.69999999999936	0.0	0.5	1.0	NULL
379.19999999999936	1.0	2.15	1.0	tstay_cstay
381.3499999999994	0.0	0.25	1.0	NULL
381.5999999999994	3.0	2.15	1.0	tswitch_cswitch
383.7499999999994	0.0	0.5	1.0	NULL
384.2499999999994	3.0	2.15	1.0	tswitch_cswitch
386.3999999999994	0.0	0.25	1.0	NULL
386.6499999999994	1.0	2.15	1.0	tstay_cstay
388.7999999999992	0.0	0.25	1.0	NULL
389.0499999999992	3.0	2.15	1.0	tswitch_cswitch
391.1999999999993	0.0	0.25	1.0	NULL
391.4499999999993	3.0	2.15	1.0	tswitch_cswitch
393.59999999999934	0.0	0.25	1.0	NULL
393.84999999999934	1.0	2.15	1.0	tstay_cstay
395.99999999999926	0.0	0.75	1.0	NULL
396.74999999999926	2.0	2.15	1.0	tstay_cswitch
398.8999999999992	0.0	0.25	1.0	NULL
399.1499999999992	1.0	2.15	1.0	tstay_cstay
401.29999999999916	0.0	0.0	1.0	NULL
401.29999999999916	3.0	2.15	1.0	tswitch_cswitch
403.44999999999914	0.0	0.25	1.0	NULL
403.69999999999914	1.0	2.15	1.0	tstay_cstay
405.84999999999917	0.0	0.25	1.0	NULL
406.09999999999917	3.0	2.15	1.0	tswitch_cswitch
408.24999999999915	0.0	0.5	1.0	NULL
408.74999999999915	3.0	2.15	1.0	tswitch_cswitch
410.8999999999992	0.0	0.25	1.0	NULL
411.1499999999992	1.0	2.15	1.0	tstay_cstay
413.29999999999916	0.0	0.75	1.0	NULL
414.04999999999916	3.0	2.15	1.0	tswitch_cswitch
416.19999999999914	0.0	1.0	1.0	NULL
417.19999999999914	3.0	2.15	1.0	tswitch_cswitch
419.34999999999917	0.0	0.75	1.0	NULL
420.09999999999917	1.0	2.15	1.0	tstay_cstay
422.2499999999991	0.0	1.25	1.0	NULL
423.4999999999991	2.0	2.15	1.0	tstay_cswitch
425.649999999999	0.0	0.25	1.0	NULL
425.899999999999	2.0	2.15	1.0	tstay_cswitch
428.049999999999	0.0	0.25	1.0	NULL
428.299999999999	3.0	2.15	1.0	tswitch_cswitch
430.4499999999989	0.0	1.5	1.0	NULL
431.9499999999989	2.0	2.15	1.0	tstay_cswitch
434.09999999999883	0.0	0.25	1.0	NULL
434.34999999999883	1.0	2.15	1.0	tstay_cstay
436.49999999999886	0.0	1.0	1.0	NULL
437.49999999999886	1.0	2.15	1.0	tstay_cstay
439.64999999999884	0.0	0.0	1.0	NULL
439.64999999999884	2.0	2.15	1.0	tstay_cswitch
441.7999999999989	0.0	0.25	1.0	NULL
442.0499999999989	3.0	2.15	1.0	tswitch_cswitch
444.19999999999885	0.0	0.25	1.0	NULL
444.44999999999885	1.0	2.15	1.0	tstay_cstay
446.5999999999988	0.0	0.5	1.0	NULL
447.0999999999988	2.0	2.15	1.0	tstay_cswitch
449.2499999999988	0.0	0.25	1.0	NULL
449.4999999999988	3.0	2.15	1.0	tswitch_cswitch
451.6499999999988	0.0	0.5	1.0	NULL
452.1499999999988	2.0	2.15	1.0	tstay_cswitch
454.29999999999876	0.0	0.25	1.0	NULL
454.54999999999876	2.0	2.15	1.0	tstay_cswitch
456.6999999999988	0.0	0.5	1.0	NULL
457.1999999999988	3.0	2.15	1.0	tswitch_cswitch
459.3499999999987	0.0	0.25	1.0	NULL
459.5999999999987	1.0	2.15	1.0	tstay_cstay
461.7499999999987	0.0	0.0	1.0	NULL
461.7499999999987	3.0	2.15	1.0	tswitch_cswitch
463.8999999999986	0.0	0.25	1.0	NULL
464.1499999999986	2.0	2.15	1.0	tstay_cswitch
466.29999999999865	0.0	0.75	1.0	NULL
467.04999999999865	1.0	2.15	1.0	tstay_cstay
469.1999999999986	0.0	0.75	1.0	NULL
469.9499999999986	3.0	2.15	1.0	tswitch_cswitch
472.0999999999986	0.0	0.75	1.0	NULL
472.8499999999986	2.0	2.15	1.0	tstay_cswitch
474.99999999999864	0.0	0.0	1.0	NULL
474.99999999999864	2.0	2.15	1.0	tstay_cswitch
477.14999999999856	0.0	0.25	1.0	NULL
477.39999999999856	2.0	2.15	1.0	tstay_cswitch
479.5499999999985	0.0	0.25	1.0	NULL
479.7999999999985	3.0	2.15	1.0	tswitch_cswitch
481.94999999999845	0.0	1.0	1.0	NULL
482.94999999999845	2.0	2.15	1.0	tstay_cswitch
485.0999999999985	0.0	0.25	1.0	NULL
485.3499999999985	3.0	2.15	1.0	tswitch_cswitch
497.49999999999847	0.0	0.25	1.0	NULL
497.74999999999847	3.0	2.15	1.0	tswitch_cswitch
499.8999999999984	0.0	0.25	1.0	NULL
500.1499999999984	1.0	2.15	1.0	tstay_cstay
502.2999999999984	0.0	0.75	1.0	NULL
503.0499999999984	2.0	2.15	1.0	tstay_cswitch
505.1999999999984	0.0	0.25	1.0	NULL
505.4499999999984	2.0	2.15	1.0	tstay_cswitch
507.5999999999984	0.0	0.25	1.0	NULL
507.8499999999984	3.0	2.15	1.0	tswitch_cswitch
509.9999999999984	0.0	0.75	1.0	NULL
510.7499999999984	2.0	2.15	1.0	tstay_cswitch
512.8999999999984	0.0	0.5	1.0	NULL
513.3999999999984	2.0	2.15	1.0	tstay_cswitch
515.5499999999984	0.0	0.75	1.0	NULL
516.2999999999984	3.0	2.15	1.0	tswitch_cswitch
518.4499999999983	0.0	0.25	1.0	NULL
518.6999999999983	3.0	2.15	1.0	tswitch_cswitch
520.8499999999983	0.0	1.0	1.0	NULL
521.8499999999983	1.0	2.15	1.0	tstay_cstay
523.9999999999983	0.0	0.0	1.0	NULL
523.9999999999983	2.0	2.15	1.0	tstay_cswitch
526.1499999999983	0.0	0.25	1.0	NULL
526.3999999999983	1.0	2.15	1.0	tstay_cstay
528.5499999999981	0.0	0.5	1.0	NULL
529.0499999999981	2.0	2.15	1.0	tstay_cswitch
531.1999999999981	0.0	0.25	1.0	NULL
531.4499999999981	3.0	2.15	1.0	tswitch_cswitch
533.5999999999982	0.0	0.25	1.0	NULL
533.8499999999982	2.0	2.15	1.0	tstay_cswitch
535.9999999999982	0.0	0.25	1.0	NULL
536.2499999999982	3.0	2.15	1.0	tswitch_cswitch
538.3999999999982	0.0	1.0	1.0	NULL
539.3999999999982	2.0	2.15	1.0	tstay_cswitch
541.5499999999981	0.0	0.25	1.0	NULL
541.7999999999981	2.0	2.15	1.0	tstay_cswitch
543.9499999999981	0.0	0.25	1.0	NULL
544.1999999999981	3.0	2.15	1.0	tswitch_cswitch
546.3499999999981	0.0	0.5	1.0	NULL
546.8499999999981	2.0	2.15	1.0	tstay_cswitch
548.9999999999981	0.0	0.25	1.0	NULL
549.2499999999981	3.0	2.15	1.0	tswitch_cswitch
551.399999999998	0.0	0.25	1.0	NULL
551.649999999998	1.0	2.15	1.0	tstay_cstay
553.799999999998	0.0	0.25	1.0	NULL
554.049999999998	3.0	2.15	1.0	tswitch_cswitch
556.199999999998	0.0	0.25	1.0	NULL
556.449999999998	3.0	2.15	1.0	tswitch_cswitch
558.599999999998	0.0	0.25	1.0	NULL
558.849999999998	3.0	2.15	1.0	tswitch_cswitch
560.9999999999981	0.0	0.75	1.0	NULL
561.7499999999981	2.0	2.15	1.0	tstay_cswitch
563.8999999999978	0.0	0.5	1.0	NULL
564.3999999999978	3.0	2.15	1.0	tswitch_cswitch
566.5499999999979	0.0	0.25	1.0	NULL
566.7999999999979	3.0	2.15	1.0	tswitch_cswitch
568.9499999999979	0.0	2.25	1.0	NULL
571.1999999999979	3.0	2.15	1.0	tswitch_cswitch
573.3499999999979	0.0	0.5	1.0	NULL
573.8499999999979	3.0	2.15	1.0	tswitch_cswitch
575.9999999999978	0.0	0.75	1.0	NULL
576.7499999999978	3.0	2.15	1.0	tswitch_cswitch
578.8999999999978	0.0	0.5	1.0	NULL
579.3999999999978	2.0	2.15	1.0	tstay_cswitch
581.5499999999978	0.0	0.25	1.0	NULL
581.7999999999978	3.0	2.15	1.0	tswitch_cswitch
583.9499999999978	0.0	0.25	1.0	NULL
584.1999999999978	3.0	2.15	1.0	tswitch_cswitch
586.3499999999977	0.0	0.25	1.0	NULL
586.5999999999977	3.0	2.15	1.0	tswitch_cswitch
588.7499999999978	0.0	0.25	1.0	NULL
588.9999999999978	3.0	2.15	1.0	tswitch_cswitch
591.1499999999978	0.0	0.25	1.0	NULL
591.3999999999978	1.0	2.15	1.0	tstay_cstay
593.5499999999978	0.0	0.25	1.0	NULL
593.7999999999978	1.0	2.15	1.0	tstay_cstay
595.9499999999978	0.0	0.25	1.0	NULL
596.1999999999978	3.0	2.15	1.0	tswitch_cswitch
598.3499999999976	0.0	1.5	1.0	NULL
599.8499999999976	3.0	2.15	1.0	tswitch_cswitch
601.9999999999976	0.0	1.0	1.0	NULL
602.9999999999976	1.0	2.15	1.0	tstay_cstay
605.1499999999976	0.0	0.75	1.0	NULL
605.8999999999976	3.0	2.15	1.0	tswitch_cswitch
608.0499999999977	0.0	0.25	1.0	NULL
608.2999999999977	3.0	2.15	1.0	tswitch_cswitch
610.4499999999974	0.0	0.25	1.0	NULL
610.6999999999974	3.0	2.15	1.0	tswitch_cswitch
612.8499999999975	0.0	0.75	1.0	NULL
613.5999999999975	3.0	2.15	1.0	tswitch_cswitch
615.7499999999975	0.0	0.25	1.0	NULL
615.9999999999975	2.0	2.15	1.0	tstay_cswitch
618.1499999999975	0.0	0.25	1.0	NULL
618.3999999999975	2.0	2.15	1.0	tstay_cswitch
620.5499999999975	0.0	0.5	1.0	NULL
621.0499999999975	3.0	2.15	1.0	tswitch_cswitch
623.1999999999974	0.0	0.5	1.0	NULL
623.6999999999974	2.0	2.15	1.0	tstay_cswitch
625.8499999999974	0.0	1.25	1.0	NULL
627.0999999999974	3.0	2.15	1.0	tswitch_cswitch
629.2499999999974	0.0	0.25	1.0	NULL
629.4999999999974	3.0	2.15	1.0	tswitch_cswitch
631.6499999999974	0.0	1.0	1.0	NULL
632.6499999999974	1.0	2.15	1.0	tstay_cstay
634.7999999999972	0.0	0.5	1.0	NULL
635.2999999999972	3.0	2.15	1.0	tswitch_cswitch
637.4499999999972	0.0	0.25	1.0	NULL
637.6999999999972	3.0	2.15	1.0	tswitch_cswitch
639.8499999999973	0.0	0.5	1.0	NULL
640.3499999999973	2.0	2.15	1.0	tstay_cswitch
642.4999999999973	0.0	0.0	1.0	NULL
642.4999999999973	1.0	2.15	1.0	tstay_cstay
644.6499999999972	0.0	0.25	1.0	NULL
644.8999999999972	1.0	2.15	1.0	tstay_cstay
647.0499999999972	0.0	0.25	1.0	NULL
647.2999999999972	1.0	2.15	1.0	tstay_cstay
649.4499999999972	0.0	0.25	1.0	NULL
649.6999999999972	3.0	2.15	1.0	tswitch_cswitch
651.8499999999973	0.0	0.75	1.0	NULL
652.5999999999973	2.0	2.15	1.0	tstay_cswitch
