4.799999999999999
26.249999999999996
33.949999999999996
39.74999999999999
42.39999999999999
61.44999999999998
66.74999999999999
74.95
99.45000000000006
113.45000000000009
136.05000000000013
166.25000000000017
168.65000000000018
173.4500000000002
178.2500000000002
183.5500000000002
188.85000000000022
206.40000000000026
219.9000000000003
229.7500000000003
232.15000000000032
234.30000000000032
236.70000000000033
241.50000000000034
261.95000000000033
264.3500000000003
279.75000000000017
296.40000000000003
311.1499999999999
316.9499999999999
343.59999999999974
345.9999999999997
348.3999999999997
353.44999999999965
360.8999999999996
376.54999999999944
379.1999999999994
386.64999999999935
393.8499999999993
399.14999999999924
403.6999999999992
411.1499999999991
420.09999999999906
434.34999999999894
437.4999999999989
444.44999999999885
459.5999999999987
467.04999999999865
500.14999999999844
521.8499999999983
526.3999999999983
551.649999999998
591.3999999999977
593.7999999999977
602.9999999999976
632.6499999999974
642.4999999999973
644.8999999999972
647.2999999999972
