7.699999999999999
16.150000000000002
18.8
23.849999999999998
59.04999999999998
80.25000000000001
94.65000000000005
102.10000000000007
133.65000000000012
143.75000000000014
171.05000000000018
181.1500000000002
198.95000000000024
208.80000000000027
243.90000000000035
254.75000000000037
259.55000000000035
269.65000000000026
274.4500000000002
282.15000000000015
284.5500000000001
320.34999999999985
363.54999999999956
374.14999999999947
396.74999999999926
423.49999999999903
425.899999999999
431.94999999999897
439.6499999999989
447.09999999999883
452.1499999999988
454.54999999999876
464.14999999999867
472.8499999999986
474.9999999999986
477.39999999999856
482.9499999999985
503.0499999999984
505.4499999999984
510.7499999999984
513.3999999999984
523.9999999999983
529.0499999999982
533.8499999999982
539.3999999999982
541.7999999999981
546.8499999999981
561.749999999998
579.3999999999978
615.9999999999975
618.3999999999975
623.6999999999974
640.3499999999973
652.5999999999972
