0.0
2.4
10.1
13.5
21.45
28.649999999999995
31.049999999999997
36.349999999999994
44.54999999999999
47.19999999999999
49.84999999999999
54.499999999999986
56.649999999999984
63.84999999999999
69.64999999999999
72.05
77.85000000000001
82.65000000000002
85.05000000000003
87.45000000000003
89.85000000000004
92.25000000000004
97.05000000000005
104.75000000000007
108.15000000000008
111.05000000000008
115.8500000000001
118.7500000000001
121.1500000000001
123.55000000000011
125.9500000000001
128.6000000000001
131.5000000000001
138.45000000000013
141.35000000000014
146.15000000000015
148.55000000000015
150.95000000000016
153.60000000000016
175.8500000000002
185.95000000000022
191.25000000000023
193.90000000000023
196.30000000000024
201.60000000000025
204.00000000000026
212.20000000000027
214.85000000000028
217.25000000000028
222.3000000000003
224.7000000000003
227.3500000000003
238.85000000000034
246.55000000000035
248.95000000000036
251.85000000000036
257.1500000000004
266.5000000000003
272.05000000000024
277.1000000000002
287.4500000000001
290.1000000000001
293.25000000000006
298.8
302.45
306.34999999999997
308.74999999999994
314.2999999999999
333.24999999999983
335.6499999999998
338.0499999999998
341.19999999999976
350.79999999999967
355.8499999999996
358.2499999999996
366.19999999999953
368.8499999999995
371.2499999999995
381.5999999999994
384.2499999999994
389.04999999999933
391.4499999999993
401.2999999999992
406.09999999999917
408.74999999999915
414.0499999999991
417.1999999999991
428.299999999999
442.0499999999989
449.4999999999988
457.19999999999874
461.7499999999987
469.9499999999986
479.79999999999853
485.3499999999985
497.74999999999847
507.8499999999984
516.2999999999984
518.6999999999983
531.4499999999982
536.2499999999982
544.1999999999981
549.2499999999981
554.049999999998
556.449999999998
558.849999999998
564.3999999999979
566.7999999999979
571.1999999999979
573.8499999999979
576.7499999999978
581.7999999999978
584.1999999999978
586.5999999999977
588.9999999999977
596.1999999999977
599.8499999999976
605.8999999999976
608.2999999999976
610.6999999999975
613.5999999999975
621.0499999999975
627.0999999999974
629.4999999999974
635.2999999999973
637.6999999999973
649.6999999999972
