110.96000000000002
170.23800000000003
222.51600000000005
230.41000000000005
274.49600000000004
289.68800000000005
409.7540000000001
417.0520000000001
424.0520000000001
431.6480000000001
439.5420000000001
477.8200000000001
493.3100000000001
500.6080000000001
566.5880000000001
580.8860000000001
588.4820000000001
609.7800000000001
631.6740000000001
653.5680000000001
661.1640000000001
738.3360000000001
806.1040000000002
828.5940000000002
844.0840000000002
851.3820000000002
858.6800000000002
867.1700000000002
897.5540000000002
935.2360000000002
979.0240000000002
1022.8120000000001
1067.1960000000001
1074.4940000000001
