51.98000000000001
96.06600000000002
118.55600000000003
163.23800000000003
207.62200000000004
319.77400000000006
380.56200000000007
470.5220000000001
486.0120000000001
515.2040000000001
544.3960000000001
551.9920000000001
602.7800000000001
617.3760000000001
624.3760000000001
638.9720000000001
677.5480000000001
684.8460000000001
706.4420000000001
713.7400000000001
731.3360000000001
776.3160000000001
784.2100000000002
791.5080000000002
798.8060000000002
813.4020000000002
820.9980000000002
837.0840000000002
882.9580000000002
912.1500000000002
920.3420000000002
943.1300000000002
971.7260000000002
1037.4080000000001
1052.6000000000001
