0.0
16.25
19.0
23.75
26.0
28.5
30.75
33.0
35.25
39.5
42.25
44.75
47.5
55.5
57.75
60.0
62.75
65.25
67.75
70.0
77.25
82.0
84.0
88.75
91.25
93.75
110.5
114.0
116.0
118.25
120.25
122.5
124.75
130.0
133.0
135.5
137.75
140.25
150.0
152.25
155.75
158.25
160.25
162.5
164.75
167.0
170.5
172.75
180.75
182.75
185.0
188.5
196.25
198.5
201.0
203.25
208.25
210.75
213.75
226.0
231.0
233.5
235.75
239.25
241.5
243.75
246.0
249.0
251.5
254.0
259.0
261.75
264.0
266.25
270.75
273.5
276.25
278.5
280.75
286.0
288.5
293.5
300.75
303.25
305.5
307.75
310.0
312.25
314.5
317.0
327.0
339.75
342.75
345.25
352.5
354.75
357.0
359.75
367.25
370.25
376.75
380.25
382.75
385.0
388.25
390.25
398.0
403.0
405.5
408.25
410.75
417.5
423.75
426.0
429.5
438.0
440.25
442.5
444.5
456.75
462.0
466.5
469.25
476.25
480.5
483.0
485.25
489.25
494.0
499.25
501.25
503.5
506.0
508.0
512.5
519.0
524.25
527.25
529.5
534.25
536.5
540.75
543.0
545.25
547.5
552.5
555.0
