0.0	0.0	0.0	1.0	NULL
0.0	1.0	2.15	1.0	tstay_cstay
2.15	0.0	0.75	1.0	NULL
2.9	3.0	2.15	1.0	tswitch_cswitch
5.049999999999999	0.0	0.25	1.0	NULL
5.299999999999999	3.0	2.15	1.0	tswitch_cswitch
7.449999999999998	0.0	0.5	1.0	NULL
7.949999999999998	3.0	2.15	1.0	tswitch_cswitch
10.1	0.0	0.5	1.0	NULL
10.6	2.0	2.15	1.0	tstay_cswitch
12.75	0.0	0.0	1.0	NULL
12.75	3.0	2.15	1.0	tswitch_cswitch
14.9	0.0	0.5	1.0	NULL
15.4	3.0	2.15	1.0	tswitch_cswitch
17.55	0.0	0.25	1.0	NULL
17.8	3.0	2.15	1.0	tswitch_cswitch
19.95	0.0	0.5	1.0	NULL
20.45	3.0	2.15	1.0	tswitch_cswitch
22.6	0.0	0.75	1.0	NULL
23.35	1.0	2.15	1.0	tstay_cstay
25.5	0.0	0.25	1.0	NULL
25.75	3.0	2.15	1.0	tswitch_cswitch
27.899999999999995	0.0	0.5	1.0	NULL
28.399999999999995	3.0	2.15	1.0	tswitch_cswitch
30.55	0.0	0.25	1.0	NULL
30.8	3.0	2.15	1.0	tswitch_cswitch
32.95	0.0	0.25	1.0	NULL
33.2	3.0	2.15	1.0	tswitch_cswitch
35.34999999999999	0.0	0.0	1.0	NULL
35.34999999999999	1.0	2.15	1.0	tstay_cstay
37.49999999999999	0.0	0.0	1.0	NULL
37.49999999999999	3.0	2.15	1.0	tswitch_cswitch
39.64999999999999	0.0	0.25	1.0	NULL
39.89999999999999	3.0	2.15	1.0	tswitch_cswitch
42.04999999999999	0.0	0.25	1.0	NULL
42.29999999999999	3.0	2.15	1.0	tswitch_cswitch
44.44999999999999	0.0	1.0	1.0	NULL
45.44999999999999	2.0	2.15	1.0	tstay_cswitch
47.59999999999999	0.0	0.5	1.0	NULL
48.09999999999999	2.0	2.15	1.0	tstay_cswitch
50.24999999999999	0.0	0.0	1.0	NULL
50.24999999999999	1.0	2.15	1.0	tstay_cstay
52.399999999999984	0.0	0.25	1.0	NULL
52.649999999999984	3.0	2.15	1.0	tswitch_cswitch
54.79999999999998	0.0	0.25	1.0	NULL
55.04999999999998	1.0	2.15	1.0	tstay_cstay
57.19999999999998	0.0	0.25	1.0	NULL
57.44999999999998	3.0	2.15	1.0	tswitch_cswitch
59.59999999999998	0.0	0.25	1.0	NULL
59.84999999999998	3.0	2.15	1.0	tswitch_cswitch
61.99999999999998	0.0	0.25	1.0	NULL
62.24999999999998	2.0	2.15	1.0	tstay_cswitch
64.39999999999998	0.0	0.25	1.0	NULL
64.64999999999998	1.0	2.15	1.0	tstay_cstay
66.79999999999998	0.0	1.0	1.0	NULL
67.79999999999998	1.0	2.15	1.0	tstay_cstay
69.94999999999999	0.0	0.25	1.0	NULL
70.19999999999999	2.0	2.15	1.0	tstay_cswitch
72.35	0.0	0.25	1.0	NULL
72.6	1.0	2.15	1.0	tstay_cstay
74.75	0.0	0.25	1.0	NULL
75.0	2.0	2.15	1.0	tstay_cswitch
77.15	0.0	0.25	1.0	NULL
77.4	3.0	2.15	1.0	tswitch_cswitch
79.55000000000003	0.0	0.25	1.0	NULL
79.80000000000003	1.0	2.15	1.0	tstay_cstay
81.95000000000002	0.0	0.25	1.0	NULL
82.20000000000002	3.0	2.15	1.0	tswitch_cswitch
84.35000000000002	0.0	0.25	1.0	NULL
84.60000000000002	2.0	2.15	1.0	tstay_cswitch
86.75000000000004	0.0	0.75	1.0	NULL
87.50000000000004	1.0	2.15	1.0	tstay_cstay
89.65000000000003	0.0	0.25	1.0	NULL
89.90000000000003	3.0	2.15	1.0	tswitch_cswitch
92.05000000000004	0.0	0.5	1.0	NULL
92.55000000000004	1.0	2.15	1.0	tstay_cstay
94.70000000000003	0.0	0.75	1.0	NULL
95.45000000000003	3.0	2.15	1.0	tswitch_cswitch
97.60000000000004	0.0	0.25	1.0	NULL
97.85000000000004	3.0	2.15	1.0	tswitch_cswitch
100.00000000000006	0.0	0.25	1.0	NULL
100.25000000000006	2.0	2.15	1.0	tstay_cswitch
102.40000000000006	0.0	1.0	1.0	NULL
103.40000000000006	1.0	2.15	1.0	tstay_cstay
105.55000000000008	0.0	0.25	1.0	NULL
105.80000000000008	3.0	2.15	1.0	tswitch_cswitch
107.95000000000007	0.0	0.5	1.0	NULL
108.45000000000007	3.0	2.15	1.0	tswitch_cswitch
110.60000000000008	0.0	0.5	1.0	NULL
111.10000000000008	3.0	2.15	1.0	tswitch_cswitch
113.25000000000007	0.0	0.25	1.0	NULL
113.50000000000007	3.0	2.15	1.0	tswitch_cswitch
115.65000000000008	0.0	0.0	1.0	NULL
115.65000000000008	2.0	2.15	1.0	tstay_cswitch
117.8000000000001	0.0	0.75	1.0	NULL
118.5500000000001	2.0	2.15	1.0	tstay_cswitch
120.7000000000001	0.0	0.75	1.0	NULL
121.4500000000001	2.0	2.15	1.0	tstay_cswitch
123.60000000000014	0.0	0.75	1.0	NULL
124.35000000000014	1.0	2.15	1.0	tstay_cstay
126.50000000000013	0.0	0.25	1.0	NULL
126.75000000000013	3.0	2.15	1.0	tswitch_cswitch
128.90000000000012	0.0	0.75	1.0	NULL
129.65000000000012	1.0	2.15	1.0	tstay_cstay
141.80000000000013	0.0	2.0	1.0	NULL
143.80000000000013	2.0	2.15	1.0	tstay_cswitch
145.95000000000013	0.0	0.25	1.0	NULL
146.20000000000013	2.0	2.15	1.0	tstay_cswitch
148.35000000000014	0.0	0.75	1.0	NULL
149.10000000000014	1.0	2.15	1.0	tstay_cstay
151.25000000000014	0.0	0.5	1.0	NULL
151.75000000000014	3.0	2.15	1.0	tswitch_cswitch
153.90000000000015	0.0	0.25	1.0	NULL
154.15000000000015	3.0	2.15	1.0	tswitch_cswitch
156.30000000000015	0.0	0.75	1.0	NULL
157.05000000000015	1.0	2.15	1.0	tstay_cstay
159.20000000000016	0.0	0.25	1.0	NULL
159.45000000000016	3.0	2.15	1.0	tswitch_cswitch
161.60000000000016	0.0	0.25	1.0	NULL
161.85000000000016	3.0	2.15	1.0	tswitch_cswitch
164.00000000000014	0.0	0.0	1.0	NULL
164.00000000000014	3.0	2.15	1.0	tswitch_cswitch
166.1500000000002	0.0	0.75	1.0	NULL
166.9000000000002	2.0	2.15	1.0	tstay_cswitch
169.05000000000018	0.0	1.0	1.0	NULL
170.05000000000018	1.0	2.15	1.0	tstay_cstay
172.2000000000002	0.0	0.25	1.0	NULL
172.4500000000002	2.0	2.15	1.0	tstay_cswitch
174.6000000000002	0.0	0.5	1.0	NULL
175.1000000000002	1.0	2.15	1.0	tstay_cstay
177.2500000000002	0.0	0.75	1.0	NULL
178.0000000000002	3.0	2.15	1.0	tswitch_cswitch
180.1500000000002	0.0	0.5	1.0	NULL
180.6500000000002	2.0	2.15	1.0	tstay_cswitch
182.80000000000018	0.0	0.5	1.0	NULL
183.30000000000018	3.0	2.15	1.0	tswitch_cswitch
185.45000000000027	0.0	0.5	1.0	NULL
185.95000000000027	3.0	2.15	1.0	tswitch_cswitch
188.10000000000028	0.0	0.25	1.0	NULL
188.35000000000028	3.0	2.15	1.0	tswitch_cswitch
190.50000000000026	0.0	0.25	1.0	NULL
190.75000000000026	3.0	2.15	1.0	tswitch_cswitch
192.90000000000026	0.0	1.0	1.0	NULL
193.90000000000026	2.0	2.15	1.0	tstay_cswitch
196.05000000000027	0.0	2.25	1.0	NULL
198.30000000000027	3.0	2.15	1.0	tswitch_cswitch
200.45000000000027	0.0	0.25	1.0	NULL
200.70000000000027	3.0	2.15	1.0	tswitch_cswitch
202.85000000000028	0.0	0.5	1.0	NULL
203.35000000000028	3.0	2.15	1.0	tswitch_cswitch
205.50000000000026	0.0	0.25	1.0	NULL
205.75000000000026	1.0	2.15	1.0	tstay_cstay
207.90000000000026	0.0	0.25	1.0	NULL
208.15000000000026	3.0	2.15	1.0	tswitch_cswitch
210.30000000000027	0.0	0.5	1.0	NULL
210.80000000000027	3.0	2.15	1.0	tswitch_cswitch
212.95000000000027	0.0	0.0	1.0	NULL
212.95000000000027	1.0	2.15	1.0	tstay_cstay
215.10000000000028	0.0	0.5	1.0	NULL
215.60000000000028	1.0	2.15	1.0	tstay_cstay
217.75000000000026	0.0	0.25	1.0	NULL
218.00000000000026	3.0	2.15	1.0	tswitch_cswitch
220.15000000000032	0.0	0.5	1.0	NULL
220.65000000000032	1.0	2.15	1.0	tstay_cstay
222.8000000000003	0.0	1.0	1.0	NULL
223.8000000000003	1.0	2.15	1.0	tstay_cstay
225.9500000000003	0.0	0.25	1.0	NULL
226.2000000000003	2.0	2.15	1.0	tstay_cswitch
228.3500000000003	0.0	0.5	1.0	NULL
228.8500000000003	1.0	2.15	1.0	tstay_cstay
231.0000000000003	0.0	0.25	1.0	NULL
231.2500000000003	3.0	2.15	1.0	tswitch_cswitch
233.40000000000032	0.0	0.75	1.0	NULL
234.15000000000032	3.0	2.15	1.0	tswitch_cswitch
236.3000000000003	0.0	0.75	1.0	NULL
237.0500000000003	3.0	2.15	1.0	tswitch_cswitch
239.2000000000004	0.0	0.25	1.0	NULL
239.4500000000004	3.0	2.15	1.0	tswitch_cswitch
241.6000000000004	0.0	0.25	1.0	NULL
241.8500000000004	3.0	2.15	1.0	tswitch_cswitch
244.00000000000037	0.0	1.0	1.0	NULL
245.00000000000037	2.0	2.15	1.0	tstay_cswitch
247.15000000000038	0.0	0.25	1.0	NULL
247.40000000000038	3.0	2.15	1.0	tswitch_cswitch
249.55000000000038	0.0	0.5	1.0	NULL
250.05000000000038	1.0	2.15	1.0	tstay_cstay
252.20000000000041	0.0	0.25	1.0	NULL
252.45000000000041	3.0	2.15	1.0	tswitch_cswitch
254.6000000000004	0.0	0.75	1.0	NULL
255.3500000000004	3.0	2.15	1.0	tswitch_cswitch
257.5000000000004	0.0	0.75	1.0	NULL
258.2500000000004	3.0	2.15	1.0	tswitch_cswitch
260.4000000000003	0.0	0.5	1.0	NULL
260.9000000000003	1.0	2.15	1.0	tstay_cstay
263.0500000000003	0.0	0.25	1.0	NULL
263.3000000000003	2.0	2.15	1.0	tstay_cswitch
265.45000000000033	0.0	0.25	1.0	NULL
265.70000000000033	3.0	2.15	1.0	tswitch_cswitch
267.85000000000025	0.0	0.5	1.0	NULL
268.35000000000025	3.0	2.15	1.0	tswitch_cswitch
270.50000000000017	0.0	0.75	1.0	NULL
271.25000000000017	3.0	2.15	1.0	tswitch_cswitch
273.4000000000002	0.0	0.5	1.0	NULL
273.9000000000002	3.0	2.15	1.0	tswitch_cswitch
276.0500000000002	0.0	0.25	1.0	NULL
276.3000000000002	3.0	2.15	1.0	tswitch_cswitch
278.45000000000016	0.0	0.25	1.0	NULL
278.70000000000016	3.0	2.15	1.0	tswitch_cswitch
290.85000000000014	0.0	0.25	1.0	NULL
291.10000000000014	1.0	2.15	1.0	tstay_cstay
293.2500000000001	0.0	0.5	1.0	NULL
293.7500000000001	3.0	2.15	1.0	tswitch_cswitch
295.9000000000001	0.0	0.25	1.0	NULL
296.1500000000001	1.0	2.15	1.0	tstay_cstay
298.30000000000007	0.0	0.5	1.0	NULL
298.80000000000007	1.0	2.15	1.0	tstay_cstay
300.9500000000001	0.0	0.75	1.0	NULL
301.7000000000001	1.0	2.15	1.0	tstay_cstay
303.85	0.0	0.75	1.0	NULL
304.6	3.0	2.15	1.0	tswitch_cswitch
306.75	0.0	0.25	1.0	NULL
307.0	3.0	2.15	1.0	tswitch_cswitch
309.15	0.0	1.0	1.0	NULL
310.15	3.0	2.15	1.0	tswitch_cswitch
312.2999999999999	0.0	1.0	1.0	NULL
313.2999999999999	3.0	2.15	1.0	tswitch_cswitch
315.44999999999993	0.0	0.25	1.0	NULL
315.69999999999993	2.0	2.15	1.0	tstay_cswitch
317.8499999999999	0.0	0.5	1.0	NULL
318.3499999999999	3.0	2.15	1.0	tswitch_cswitch
320.4999999999999	0.0	0.25	1.0	NULL
320.7499999999999	2.0	2.15	1.0	tstay_cswitch
322.8999999999998	0.0	0.75	1.0	NULL
323.6499999999998	1.0	2.15	1.0	tstay_cstay
325.7999999999998	0.0	0.5	1.0	NULL
326.2999999999998	1.0	2.15	1.0	tstay_cstay
328.4499999999998	0.0	0.25	1.0	NULL
328.6999999999998	1.0	2.15	1.0	tstay_cstay
330.8499999999998	0.0	0.25	1.0	NULL
331.0999999999998	2.0	2.15	1.0	tstay_cswitch
333.24999999999983	0.0	0.25	1.0	NULL
333.49999999999983	1.0	2.15	1.0	tstay_cstay
335.64999999999975	0.0	0.5	1.0	NULL
336.14999999999975	3.0	2.15	1.0	tswitch_cswitch
338.29999999999967	0.0	0.5	1.0	NULL
338.79999999999967	2.0	2.15	1.0	tstay_cswitch
340.9499999999997	0.0	0.25	1.0	NULL
341.1999999999997	2.0	2.15	1.0	tstay_cswitch
343.3499999999997	0.0	0.25	1.0	NULL
343.5999999999997	3.0	2.15	1.0	tswitch_cswitch
345.7499999999997	0.0	0.25	1.0	NULL
345.9999999999997	1.0	2.15	1.0	tstay_cstay
348.14999999999964	0.0	1.0	1.0	NULL
349.14999999999964	3.0	2.15	1.0	tswitch_cswitch
351.2999999999996	0.0	0.25	1.0	NULL
351.5499999999996	3.0	2.15	1.0	tswitch_cswitch
353.6999999999996	0.0	0.25	1.0	NULL
353.9499999999996	3.0	2.15	1.0	tswitch_cswitch
356.0999999999996	0.0	0.25	1.0	NULL
356.3499999999996	2.0	2.15	1.0	tstay_cswitch
358.49999999999955	0.0	0.5	1.0	NULL
358.99999999999955	3.0	2.15	1.0	tswitch_cswitch
361.14999999999947	0.0	0.5	1.0	NULL
361.64999999999947	3.0	2.15	1.0	tswitch_cswitch
363.79999999999944	0.0	0.0	1.0	NULL
363.79999999999944	1.0	2.15	1.0	tstay_cstay
365.9499999999995	0.0	1.0	1.0	NULL
366.9499999999995	1.0	2.15	1.0	tstay_cstay
369.09999999999945	0.0	0.25	1.0	NULL
369.34999999999945	3.0	2.15	1.0	tswitch_cswitch
371.4999999999994	0.0	0.25	1.0	NULL
371.7499999999994	3.0	2.15	1.0	tswitch_cswitch
373.8999999999994	0.0	0.5	1.0	NULL
374.3999999999994	3.0	2.15	1.0	tswitch_cswitch
376.5499999999994	0.0	0.25	1.0	NULL
376.7999999999994	1.0	2.15	1.0	tstay_cstay
378.94999999999936	0.0	0.75	1.0	NULL
379.69999999999936	2.0	2.15	1.0	tstay_cswitch
381.8499999999994	0.0	0.75	1.0	NULL
382.5999999999994	3.0	2.15	1.0	tswitch_cswitch
384.7499999999993	0.0	0.25	1.0	NULL
384.9999999999993	3.0	2.15	1.0	tswitch_cswitch
387.1499999999993	0.0	0.25	1.0	NULL
387.3999999999993	1.0	2.15	1.0	tstay_cstay
389.54999999999933	0.0	0.75	1.0	NULL
390.29999999999933	3.0	2.15	1.0	tswitch_cswitch
392.44999999999925	0.0	1.0	1.0	NULL
393.44999999999925	2.0	2.15	1.0	tstay_cswitch
395.59999999999917	0.0	0.0	1.0	NULL
395.59999999999917	2.0	2.15	1.0	tstay_cswitch
397.74999999999915	0.0	0.75	1.0	NULL
398.49999999999915	1.0	2.15	1.0	tstay_cstay
400.6499999999992	0.0	1.75	1.0	NULL
402.3999999999992	2.0	2.15	1.0	tstay_cswitch
404.54999999999916	0.0	0.25	1.0	NULL
404.79999999999916	2.0	2.15	1.0	tstay_cswitch
406.94999999999914	0.0	0.25	1.0	NULL
407.19999999999914	2.0	2.15	1.0	tstay_cswitch
409.34999999999917	0.0	0.5	1.0	NULL
409.84999999999917	3.0	2.15	1.0	tswitch_cswitch
411.99999999999915	0.0	0.25	1.0	NULL
412.24999999999915	2.0	2.15	1.0	tstay_cswitch
414.3999999999992	0.0	0.75	1.0	NULL
415.1499999999992	3.0	2.15	1.0	tswitch_cswitch
417.29999999999916	0.0	0.25	1.0	NULL
417.54999999999916	3.0	2.15	1.0	tswitch_cswitch
419.699999999999	0.0	0.75	1.0	NULL
420.449999999999	1.0	2.15	1.0	tstay_cstay
422.599999999999	0.0	0.0	1.0	NULL
422.599999999999	3.0	2.15	1.0	tswitch_cswitch
424.74999999999903	0.0	0.5	1.0	NULL
425.24999999999903	3.0	2.15	1.0	tswitch_cswitch
437.39999999999895	0.0	0.25	1.0	NULL
437.64999999999895	2.0	2.15	1.0	tstay_cswitch
439.7999999999989	0.0	0.5	1.0	NULL
440.2999999999989	3.0	2.15	1.0	tswitch_cswitch
442.44999999999885	0.0	2.0	1.0	NULL
444.44999999999885	2.0	2.15	1.0	tstay_cswitch
446.59999999999883	0.0	0.25	1.0	NULL
446.84999999999883	3.0	2.15	1.0	tswitch_cswitch
448.99999999999886	0.0	0.5	1.0	NULL
449.49999999999886	1.0	2.15	1.0	tstay_cstay
451.64999999999884	0.0	0.75	1.0	NULL
452.39999999999884	3.0	2.15	1.0	tswitch_cswitch
454.54999999999876	0.0	0.25	1.0	NULL
454.79999999999876	1.0	2.15	1.0	tstay_cstay
456.9499999999988	0.0	0.25	1.0	NULL
457.1999999999988	3.0	2.15	1.0	tswitch_cswitch
459.3499999999988	0.0	0.25	1.0	NULL
459.5999999999988	2.0	2.15	1.0	tstay_cswitch
461.7499999999988	0.0	0.0	1.0	NULL
461.7499999999988	2.0	2.15	1.0	tstay_cswitch
463.8999999999987	0.0	0.5	1.0	NULL
464.3999999999987	3.0	2.15	1.0	tswitch_cswitch
466.5499999999987	0.0	0.25	1.0	NULL
466.7999999999987	2.0	2.15	1.0	tstay_cswitch
468.9499999999987	0.0	0.75	1.0	NULL
469.6999999999987	2.0	2.15	1.0	tstay_cswitch
471.8499999999986	0.0	0.25	1.0	NULL
472.0999999999986	3.0	2.15	1.0	tswitch_cswitch
474.2499999999985	0.0	0.5	1.0	NULL
474.7499999999985	2.0	2.15	1.0	tstay_cswitch
476.8999999999986	0.0	0.25	1.0	NULL
477.1499999999986	3.0	2.15	1.0	tswitch_cswitch
479.29999999999865	0.0	0.25	1.0	NULL
479.54999999999865	2.0	2.15	1.0	tstay_cswitch
481.69999999999857	0.0	0.5	1.0	NULL
482.19999999999857	2.0	2.15	1.0	tstay_cswitch
484.34999999999854	0.0	0.5	1.0	NULL
484.84999999999854	3.0	2.15	1.0	tswitch_cswitch
486.99999999999847	0.0	0.5	1.0	NULL
487.49999999999847	2.0	2.15	1.0	tstay_cswitch
489.6499999999985	0.0	0.25	1.0	NULL
489.8999999999985	3.0	2.15	1.0	tswitch_cswitch
492.0499999999985	0.0	0.25	1.0	NULL
492.2999999999985	1.0	2.15	1.0	tstay_cstay
494.44999999999845	0.0	0.5	1.0	NULL
494.94999999999845	3.0	2.15	1.0	tswitch_cswitch
497.0999999999984	0.0	0.25	1.0	NULL
497.3499999999984	2.0	2.15	1.0	tstay_cswitch
499.4999999999984	0.0	0.5	1.0	NULL
499.9999999999984	3.0	2.15	1.0	tswitch_cswitch
502.1499999999984	0.0	0.25	1.0	NULL
502.3999999999984	2.0	2.15	1.0	tstay_cswitch
504.5499999999984	0.0	0.25	1.0	NULL
504.7999999999984	3.0	2.15	1.0	tswitch_cswitch
506.9499999999984	0.0	1.5	1.0	NULL
508.4499999999984	2.0	2.15	1.0	tstay_cswitch
510.5999999999983	0.0	0.5	1.0	NULL
511.0999999999983	2.0	2.15	1.0	tstay_cswitch
513.2499999999983	0.0	0.25	1.0	NULL
513.4999999999983	3.0	2.15	1.0	tswitch_cswitch
515.6499999999983	0.0	1.75	1.0	NULL
517.3999999999983	3.0	2.15	1.0	tswitch_cswitch
519.5499999999981	0.0	0.75	1.0	NULL
520.2999999999981	3.0	2.15	1.0	tswitch_cswitch
522.4499999999981	0.0	0.75	1.0	NULL
523.1999999999981	1.0	2.15	1.0	tstay_cstay
525.3499999999982	0.0	0.25	1.0	NULL
525.5999999999982	1.0	2.15	1.0	tstay_cstay
527.7499999999982	0.0	0.5	1.0	NULL
528.2499999999982	3.0	2.15	1.0	tswitch_cswitch
530.3999999999982	0.0	0.25	1.0	NULL
530.6499999999982	3.0	2.15	1.0	tswitch_cswitch
532.7999999999981	0.0	0.25	1.0	NULL
533.0499999999981	3.0	2.15	1.0	tswitch_cswitch
535.1999999999981	0.0	0.25	1.0	NULL
535.4499999999981	3.0	2.15	1.0	tswitch_cswitch
537.5999999999981	0.0	0.5	1.0	NULL
538.0999999999981	3.0	2.15	1.0	tswitch_cswitch
540.2499999999981	0.0	0.25	1.0	NULL
540.4999999999981	2.0	2.15	1.0	tstay_cswitch
542.649999999998	0.0	0.5	1.0	NULL
543.149999999998	1.0	2.15	1.0	tstay_cstay
545.299999999998	0.0	0.5	1.0	NULL
545.799999999998	1.0	2.15	1.0	tstay_cstay
547.949999999998	0.0	0.75	1.0	NULL
548.699999999998	2.0	2.15	1.0	tstay_cswitch
550.849999999998	0.0	0.25	1.0	NULL
551.099999999998	1.0	2.15	1.0	tstay_cstay
553.2499999999981	0.0	0.25	1.0	NULL
553.4999999999981	3.0	2.15	1.0	tswitch_cswitch
555.6499999999978	0.0	0.5	1.0	NULL
556.1499999999978	1.0	2.15	1.0	tstay_cstay
558.2999999999979	0.0	1.0	1.0	NULL
559.2999999999979	1.0	2.15	1.0	tstay_cstay
561.4499999999979	0.0	0.75	1.0	NULL
562.1999999999979	3.0	2.15	1.0	tswitch_cswitch
564.3499999999979	0.0	0.75	1.0	NULL
565.0999999999979	3.0	2.15	1.0	tswitch_cswitch
567.2499999999978	0.0	2.0	1.0	NULL
569.2499999999978	2.0	2.15	1.0	tstay_cswitch
571.3999999999978	0.0	0.5	1.0	NULL
571.8999999999978	1.0	2.15	1.0	tstay_cstay
574.0499999999978	0.0	1.0	1.0	NULL
575.0499999999978	3.0	2.15	1.0	tswitch_cswitch
