5.299999999999999
13.0
15.4
34.949999999999996
55.649999999999984
57.79999999999998
74.45
82.65000000000002
85.30000000000003
87.70000000000003
91.10000000000004
98.30000000000005
100.95000000000006
114.45000000000009
117.1000000000001
129.6000000000001
135.65000000000012
148.40000000000015
154.45000000000016
177.4500000000002
180.3500000000002
197.25000000000023
207.60000000000025
213.15000000000026
220.60000000000028
238.40000000000032
267.05000000000024
269.4500000000002
277.15000000000015
294.3
308.5499999999999
310.9499999999999
370.04999999999944
380.89999999999935
388.0999999999993
390.49999999999926
393.14999999999924
395.5499999999992
400.84999999999917
404.24999999999915
415.59999999999906
427.59999999999894
440.09999999999883
447.54999999999876
463.9499999999986
490.6999999999984
505.99999999999835
515.5999999999983
523.5499999999982
538.1999999999981
558.249999999998
570.4999999999978
572.8999999999978
580.3499999999977
585.8999999999977
588.2999999999977
593.0999999999976
599.3999999999976
609.4999999999975
616.6999999999974
619.0999999999974
637.1499999999972
649.8999999999971
