0.0
10.1
29.9
32.3
37.599999999999994
42.39999999999999
45.04999999999999
47.44999999999999
52.499999999999986
77.10000000000001
95.90000000000005
104.35000000000007
107.50000000000007
121.9000000000001
172.40000000000018
174.80000000000018
183.2500000000002
191.70000000000022
194.60000000000022
210.75000000000026
217.95000000000027
229.9500000000003
233.6000000000003
251.65000000000035
256.70000000000033
259.1000000000003
261.5000000000003
281.9500000000001
297.45
313.34999999999985
339.4999999999997
346.44999999999965
362.3499999999995
420.399999999999
434.7999999999989
466.8499999999986
470.4999999999986
488.2999999999984
493.5999999999984
530.9999999999982
535.7999999999981
540.5999999999981
543.4999999999981
553.199999999998
555.849999999998
563.2999999999979
577.9499999999978
590.9499999999977
607.0999999999975
621.4999999999974
624.1499999999974
629.6999999999973
647.2499999999972
657.0999999999971
