2.4
7.699999999999999
17.8
20.45
23.849999999999998
26.749999999999996
39.99999999999999
49.84999999999999
60.69999999999998
64.34999999999998
66.74999999999999
69.64999999999999
72.05
80.25000000000001
93.75000000000004
109.90000000000008
112.05000000000008
119.5000000000001
124.55000000000011
127.2000000000001
132.0000000000001
137.80000000000013
140.45000000000013
143.10000000000014
145.50000000000014
151.30000000000015
157.60000000000016
170.00000000000017
185.6500000000002
189.0500000000002
199.65000000000023
202.30000000000024
204.70000000000024
215.55000000000027
223.00000000000028
225.4000000000003
227.8000000000003
236.0000000000003
242.30000000000032
244.70000000000033
247.10000000000034
249.50000000000034
254.30000000000032
264.40000000000026
272.3500000000002
274.75000000000017
279.5500000000001
284.6000000000001
288.50000000000006
290.90000000000003
300.84999999999997
303.24999999999994
306.1499999999999
315.74999999999983
318.1499999999998
321.0499999999998
323.44999999999976
326.34999999999974
341.6499999999997
344.04999999999967
349.0999999999996
351.4999999999996
354.1499999999996
357.04999999999956
359.44999999999953
365.2499999999995
367.64999999999947
372.6999999999994
375.5999999999994
378.4999999999994
383.29999999999933
385.9499999999993
398.4499999999992
406.8999999999991
409.5499999999991
412.9499999999991
417.99999999999903
422.799999999999
425.19999999999897
430.2499999999989
432.3999999999989
437.69999999999885
442.4999999999988
444.6499999999988
450.19999999999874
453.0999999999987
455.7499999999987
459.14999999999867
461.54999999999865
473.14999999999856
475.54999999999853
477.9499999999985
480.0999999999985
483.74999999999847
486.14999999999844
508.14999999999833
510.54999999999836
512.9499999999983
517.9999999999983
520.8999999999983
526.1999999999982
528.5999999999982
533.3999999999982
546.649999999998
549.299999999998
560.8999999999979
565.9499999999979
568.3499999999979
575.5499999999978
583.2499999999977
595.7499999999976
601.7999999999976
604.1999999999975
611.8999999999975
614.2999999999975
626.7999999999973
632.0999999999973
634.4999999999973
639.7999999999972
642.6999999999972
645.0999999999972
652.2999999999971
654.4499999999971
