0.0	0.0	0.0	1.0	NULL
0.0	2.0	2.15	1.0	tstay_cswitch
2.15	0.0	0.0	1.0	NULL
2.15	3.0	2.15	1.0	tswitch_cswitch
4.299999999999999	0.0	0.75	1.0	NULL
5.049999999999999	2.0	2.15	1.0	tstay_cswitch
7.199999999999998	0.0	0.5	1.0	NULL
7.699999999999998	2.0	2.15	1.0	tstay_cswitch
9.85	0.0	0.0	1.0	NULL
9.85	1.0	2.15	1.0	tstay_cstay
12.0	0.0	0.5	1.0	NULL
12.5	2.0	2.15	1.0	tstay_cswitch
14.65	0.0	1.25	1.0	NULL
15.9	1.0	2.15	1.0	tstay_cstay
18.05	0.0	0.25	1.0	NULL
18.3	3.0	2.15	1.0	tswitch_cswitch
20.45	0.0	0.75	1.0	NULL
21.2	3.0	2.15	1.0	tswitch_cswitch
23.35	0.0	0.75	1.0	NULL
24.1	3.0	2.15	1.0	tswitch_cswitch
26.25	0.0	0.5	1.0	NULL
26.75	2.0	2.15	1.0	tstay_cswitch
28.899999999999995	0.0	0.75	1.0	NULL
29.649999999999995	1.0	2.15	1.0	tstay_cstay
31.799999999999997	0.0	1.25	1.0	NULL
33.05	3.0	2.15	1.0	tswitch_cswitch
35.2	0.0	0.25	1.0	NULL
35.45	3.0	2.15	1.0	tswitch_cswitch
37.6	0.0	0.5	1.0	NULL
38.1	3.0	2.15	1.0	tswitch_cswitch
40.24999999999999	0.0	0.5	1.0	NULL
40.74999999999999	2.0	2.15	1.0	tstay_cswitch
42.89999999999999	0.0	0.5	1.0	NULL
43.39999999999999	2.0	2.15	1.0	tstay_cswitch
45.54999999999999	0.0	0.5	1.0	NULL
46.04999999999999	3.0	2.15	1.0	tswitch_cswitch
48.19999999999999	0.0	0.25	1.0	NULL
48.44999999999999	3.0	2.15	1.0	tswitch_cswitch
50.59999999999999	0.0	0.5	1.0	NULL
51.09999999999999	1.0	2.15	1.0	tstay_cstay
53.24999999999999	0.0	0.5	1.0	NULL
53.74999999999999	2.0	2.15	1.0	tstay_cswitch
55.899999999999984	0.0	0.75	1.0	NULL
56.649999999999984	1.0	2.15	1.0	tstay_cstay
58.79999999999998	0.0	0.25	1.0	NULL
59.04999999999998	2.0	2.15	1.0	tstay_cswitch
61.19999999999998	0.0	0.25	1.0	NULL
61.44999999999998	3.0	2.15	1.0	tswitch_cswitch
63.59999999999999	0.0	0.25	1.0	NULL
63.84999999999999	2.0	2.15	1.0	tstay_cswitch
65.99999999999999	0.0	0.25	1.0	NULL
66.24999999999999	3.0	2.15	1.0	tswitch_cswitch
68.39999999999999	0.0	0.25	1.0	NULL
68.64999999999999	2.0	2.15	1.0	tstay_cswitch
70.8	0.0	0.25	1.0	NULL
71.05	3.0	2.15	1.0	tswitch_cswitch
73.2	0.0	1.75	1.0	NULL
74.95	1.0	2.15	1.0	tstay_cstay
77.10000000000002	0.0	0.5	1.0	NULL
77.60000000000002	1.0	2.15	1.0	tstay_cstay
79.75000000000001	0.0	0.75	1.0	NULL
80.50000000000001	1.0	2.15	1.0	tstay_cstay
82.65000000000002	0.0	0.25	1.0	NULL
82.90000000000002	1.0	2.15	1.0	tstay_cstay
85.05000000000003	0.0	0.5	1.0	NULL
85.55000000000003	1.0	2.15	1.0	tstay_cstay
87.70000000000003	0.0	0.25	1.0	NULL
87.95000000000003	1.0	2.15	1.0	tstay_cstay
90.10000000000004	0.0	0.25	1.0	NULL
90.35000000000004	2.0	2.15	1.0	tstay_cswitch
92.50000000000004	0.0	1.75	1.0	NULL
94.25000000000004	3.0	2.15	1.0	tswitch_cswitch
96.40000000000003	0.0	0.25	1.0	NULL
96.65000000000003	3.0	2.15	1.0	tswitch_cswitch
98.80000000000004	0.0	0.25	1.0	NULL
99.05000000000004	2.0	2.15	1.0	tstay_cswitch
101.20000000000006	0.0	0.75	1.0	NULL
101.95000000000006	3.0	2.15	1.0	tswitch_cswitch
104.10000000000008	0.0	0.25	1.0	NULL
104.35000000000008	1.0	2.15	1.0	tstay_cstay
106.50000000000007	0.0	0.5	1.0	NULL
107.00000000000007	1.0	2.15	1.0	tstay_cstay
109.15000000000008	0.0	0.25	1.0	NULL
109.40000000000008	3.0	2.15	1.0	tswitch_cswitch
111.55000000000008	0.0	0.0	1.0	NULL
111.55000000000008	3.0	2.15	1.0	tswitch_cswitch
113.70000000000007	0.0	0.25	1.0	NULL
113.95000000000007	2.0	2.15	1.0	tstay_cswitch
116.1000000000001	0.0	0.0	1.0	NULL
116.1000000000001	3.0	2.15	1.0	tswitch_cswitch
118.2500000000001	0.0	0.25	1.0	NULL
118.5000000000001	3.0	2.15	1.0	tswitch_cswitch
120.65000000000009	0.0	0.0	1.0	NULL
120.65000000000009	2.0	2.15	1.0	tstay_cswitch
122.80000000000014	0.0	0.25	1.0	NULL
123.05000000000014	2.0	2.15	1.0	tstay_cswitch
125.20000000000013	0.0	0.5	1.0	NULL
125.70000000000013	2.0	2.15	1.0	tstay_cswitch
127.85000000000011	0.0	0.5	1.0	NULL
128.3500000000001	3.0	2.15	1.0	tswitch_cswitch
130.50000000000009	0.0	0.5	1.0	NULL
131.00000000000009	3.0	2.15	1.0	tswitch_cswitch
133.15000000000012	0.0	0.75	1.0	NULL
133.90000000000012	2.0	2.15	1.0	tstay_cswitch
136.05000000000013	0.0	0.75	1.0	NULL
136.80000000000013	2.0	2.15	1.0	tstay_cswitch
138.95000000000013	0.0	0.75	1.0	NULL
139.70000000000013	1.0	2.15	1.0	tstay_cstay
141.85000000000014	0.0	1.0	1.0	NULL
142.85000000000014	3.0	2.15	1.0	tswitch_cswitch
145.00000000000014	0.0	1.25	1.0	NULL
146.25000000000014	3.0	2.15	1.0	tswitch_cswitch
148.40000000000015	0.0	2.0	1.0	NULL
150.40000000000015	1.0	2.15	1.0	tstay_cstay
152.55000000000015	0.0	0.5	1.0	NULL
153.05000000000015	3.0	2.15	1.0	tswitch_cswitch
155.20000000000016	0.0	0.0	1.0	NULL
155.20000000000016	3.0	2.15	1.0	tswitch_cswitch
157.35000000000016	0.0	0.5	1.0	NULL
157.85000000000016	2.0	2.15	1.0	tstay_cswitch
170.00000000000014	0.0	0.25	1.0	NULL
170.25000000000014	1.0	2.15	1.0	tstay_cstay
172.4000000000002	0.0	0.5	1.0	NULL
172.9000000000002	3.0	2.15	1.0	tswitch_cswitch
175.05000000000018	0.0	0.25	1.0	NULL
175.30000000000018	3.0	2.15	1.0	tswitch_cswitch
177.4500000000002	0.0	0.25	1.0	NULL
177.7000000000002	3.0	2.15	1.0	tswitch_cswitch
179.8500000000002	0.0	0.75	1.0	NULL
180.6000000000002	3.0	2.15	1.0	tswitch_cswitch
182.7500000000002	0.0	0.5	1.0	NULL
183.2500000000002	3.0	2.15	1.0	tswitch_cswitch
185.4000000000002	0.0	0.25	1.0	NULL
185.6500000000002	2.0	2.15	1.0	tstay_cswitch
187.80000000000018	0.0	1.0	1.0	NULL
188.80000000000018	3.0	2.15	1.0	tswitch_cswitch
190.95000000000027	0.0	1.0	1.0	NULL
191.95000000000027	2.0	2.15	1.0	tstay_cswitch
194.10000000000028	0.0	0.75	1.0	NULL
194.85000000000028	2.0	2.15	1.0	tstay_cswitch
197.00000000000026	0.0	0.25	1.0	NULL
197.25000000000026	3.0	2.15	1.0	tswitch_cswitch
199.40000000000026	0.0	0.5	1.0	NULL
199.90000000000026	2.0	2.15	1.0	tstay_cswitch
202.05000000000027	0.0	0.25	1.0	NULL
202.30000000000027	2.0	2.15	1.0	tstay_cswitch
204.45000000000027	0.0	0.25	1.0	NULL
204.70000000000027	2.0	2.15	1.0	tstay_cswitch
206.85000000000028	0.0	2.25	1.0	NULL
209.10000000000028	2.0	2.15	1.0	tstay_cswitch
211.25000000000026	0.0	0.25	1.0	NULL
211.50000000000026	1.0	2.15	1.0	tstay_cstay
213.65000000000026	0.0	0.25	1.0	NULL
213.90000000000026	2.0	2.15	1.0	tstay_cswitch
216.05000000000027	0.0	0.5	1.0	NULL
216.55000000000027	3.0	2.15	1.0	tswitch_cswitch
218.70000000000027	0.0	0.25	1.0	NULL
218.95000000000027	1.0	2.15	1.0	tstay_cstay
221.10000000000028	0.0	0.25	1.0	NULL
221.35000000000028	2.0	2.15	1.0	tstay_cswitch
223.50000000000026	0.0	0.5	1.0	NULL
224.00000000000026	2.0	2.15	1.0	tstay_cswitch
226.15000000000032	0.0	0.5	1.0	NULL
226.65000000000032	3.0	2.15	1.0	tswitch_cswitch
228.8000000000003	0.0	0.5	1.0	NULL
229.3000000000003	2.0	2.15	1.0	tstay_cswitch
231.4500000000003	0.0	0.25	1.0	NULL
231.7000000000003	3.0	2.15	1.0	tswitch_cswitch
233.8500000000003	0.0	1.0	1.0	NULL
234.8500000000003	3.0	2.15	1.0	tswitch_cswitch
237.0000000000003	0.0	0.5	1.0	NULL
237.5000000000003	1.0	2.15	1.0	tstay_cstay
239.65000000000032	0.0	0.25	1.0	NULL
239.90000000000032	2.0	2.15	1.0	tstay_cswitch
242.0500000000003	0.0	0.25	1.0	NULL
242.3000000000003	1.0	2.15	1.0	tstay_cstay
244.4500000000004	0.0	0.5	1.0	NULL
244.9500000000004	2.0	2.15	1.0	tstay_cswitch
247.1000000000004	0.0	0.25	1.0	NULL
247.3500000000004	2.0	2.15	1.0	tstay_cswitch
249.50000000000037	0.0	1.0	1.0	NULL
250.50000000000037	2.0	2.15	1.0	tstay_cswitch
252.65000000000038	0.0	0.5	1.0	NULL
253.15000000000038	3.0	2.15	1.0	tswitch_cswitch
255.3000000000004	0.0	1.25	1.0	NULL
256.5500000000004	1.0	2.15	1.0	tstay_cstay
258.7000000000004	0.0	1.25	1.0	NULL
259.9500000000004	3.0	2.15	1.0	tswitch_cswitch
262.1000000000003	0.0	0.5	1.0	NULL
262.6000000000003	3.0	2.15	1.0	tswitch_cswitch
264.7500000000003	0.0	0.25	1.0	NULL
265.0000000000003	3.0	2.15	1.0	tswitch_cswitch
267.15000000000026	0.0	0.25	1.0	NULL
267.40000000000026	2.0	2.15	1.0	tstay_cswitch
269.55000000000024	0.0	0.5	1.0	NULL
270.05000000000024	3.0	2.15	1.0	tswitch_cswitch
272.2000000000002	0.0	0.75	1.0	NULL
272.9500000000002	2.0	2.15	1.0	tstay_cswitch
275.1000000000002	0.0	0.5	1.0	NULL
275.6000000000002	1.0	2.15	1.0	tstay_cstay
277.75000000000017	0.0	0.5	1.0	NULL
278.25000000000017	3.0	2.15	1.0	tswitch_cswitch
280.4000000000001	0.0	0.5	1.0	NULL
280.9000000000001	3.0	2.15	1.0	tswitch_cswitch
283.0500000000001	0.0	0.25	1.0	NULL
283.3000000000001	3.0	2.15	1.0	tswitch_cswitch
285.4500000000001	0.0	0.25	1.0	NULL
285.7000000000001	2.0	2.15	1.0	tstay_cswitch
287.85000000000014	0.0	0.25	1.0	NULL
288.10000000000014	3.0	2.15	1.0	tswitch_cswitch
290.25000000000006	0.0	0.75	1.0	NULL
291.00000000000006	1.0	2.15	1.0	tstay_cstay
293.1500000000001	0.0	0.5	1.0	NULL
293.6500000000001	2.0	2.15	1.0	tstay_cswitch
295.8	0.0	0.0	1.0	NULL
295.8	3.0	2.15	1.0	tswitch_cswitch
297.95	0.0	0.0	1.0	NULL
297.95	1.0	2.15	1.0	tstay_cstay
300.1	0.0	0.25	1.0	NULL
300.35	2.0	2.15	1.0	tstay_cswitch
302.49999999999994	0.0	0.5	1.0	NULL
302.99999999999994	2.0	2.15	1.0	tstay_cswitch
305.14999999999986	0.0	0.25	1.0	NULL
305.39999999999986	1.0	2.15	1.0	tstay_cstay
307.5499999999999	0.0	0.25	1.0	NULL
307.7999999999999	1.0	2.15	1.0	tstay_cstay
309.9499999999999	0.0	0.0	1.0	NULL
309.9499999999999	3.0	2.15	1.0	tswitch_cswitch
312.0999999999998	0.0	0.25	1.0	NULL
312.3499999999998	3.0	2.15	1.0	tswitch_cswitch
314.49999999999983	0.0	0.25	1.0	NULL
314.74999999999983	1.0	2.15	1.0	tstay_cstay
316.8999999999998	0.0	0.25	1.0	NULL
317.1499999999998	2.0	2.15	1.0	tstay_cswitch
319.2999999999998	0.0	0.75	1.0	NULL
320.0499999999998	1.0	2.15	1.0	tstay_cstay
322.19999999999976	0.0	0.25	1.0	NULL
322.44999999999976	1.0	2.15	1.0	tstay_cstay
324.59999999999974	0.0	0.25	1.0	NULL
324.84999999999974	3.0	2.15	1.0	tswitch_cswitch
336.9999999999997	0.0	0.25	1.0	NULL
337.2499999999997	2.0	2.15	1.0	tstay_cswitch
339.3999999999997	0.0	0.0	1.0	NULL
339.3999999999997	2.0	2.15	1.0	tstay_cswitch
341.54999999999967	0.0	0.25	1.0	NULL
341.79999999999967	1.0	2.15	1.0	tstay_cstay
343.9499999999996	0.0	0.75	1.0	NULL
344.6999999999996	3.0	2.15	1.0	tswitch_cswitch
346.8499999999996	0.0	0.5	1.0	NULL
347.3499999999996	2.0	2.15	1.0	tstay_cswitch
349.4999999999996	0.0	0.25	1.0	NULL
349.7499999999996	2.0	2.15	1.0	tstay_cswitch
351.89999999999964	0.0	0.75	1.0	NULL
352.64999999999964	1.0	2.15	1.0	tstay_cstay
354.7999999999996	0.0	0.25	1.0	NULL
355.0499999999996	3.0	2.15	1.0	tswitch_cswitch
357.19999999999953	0.0	0.25	1.0	NULL
357.44999999999953	3.0	2.15	1.0	tswitch_cswitch
359.59999999999945	0.0	1.0	1.0	NULL
360.59999999999945	3.0	2.15	1.0	tswitch_cswitch
362.7499999999995	0.0	1.0	1.0	NULL
363.7499999999995	3.0	2.15	1.0	tswitch_cswitch
365.89999999999947	0.0	0.75	1.0	NULL
366.64999999999947	1.0	2.15	1.0	tstay_cstay
368.7999999999994	0.0	1.25	1.0	NULL
370.0499999999994	1.0	2.15	1.0	tstay_cstay
372.19999999999936	0.0	0.75	1.0	NULL
372.94999999999936	3.0	2.15	1.0	tswitch_cswitch
375.0999999999994	0.0	0.25	1.0	NULL
375.3499999999994	2.0	2.15	1.0	tstay_cswitch
377.4999999999994	0.0	1.25	1.0	NULL
378.7499999999994	2.0	2.15	1.0	tstay_cswitch
380.8999999999994	0.0	0.75	1.0	NULL
381.6499999999994	3.0	2.15	1.0	tswitch_cswitch
383.7999999999992	0.0	0.25	1.0	NULL
384.0499999999992	3.0	2.15	1.0	tswitch_cswitch
386.1999999999993	0.0	0.5	1.0	NULL
386.6999999999993	3.0	2.15	1.0	tswitch_cswitch
388.84999999999934	0.0	0.75	1.0	NULL
389.59999999999934	1.0	2.15	1.0	tstay_cstay
391.74999999999926	0.0	0.75	1.0	NULL
392.49999999999926	3.0	2.15	1.0	tswitch_cswitch
394.6499999999992	0.0	0.25	1.0	NULL
394.8999999999992	1.0	2.15	1.0	tstay_cstay
397.04999999999916	0.0	0.25	1.0	NULL
397.29999999999916	3.0	2.15	1.0	tswitch_cswitch
399.44999999999914	0.0	0.75	1.0	NULL
400.19999999999914	1.0	2.15	1.0	tstay_cstay
402.34999999999917	0.0	0.25	1.0	NULL
402.59999999999917	1.0	2.15	1.0	tstay_cstay
404.74999999999915	0.0	0.25	1.0	NULL
404.99999999999915	2.0	2.15	1.0	tstay_cswitch
407.1499999999992	0.0	0.5	1.0	NULL
407.6499999999992	3.0	2.15	1.0	tswitch_cswitch
409.79999999999916	0.0	0.25	1.0	NULL
410.04999999999916	3.0	2.15	1.0	tswitch_cswitch
412.19999999999914	0.0	0.25	1.0	NULL
412.44999999999914	3.0	2.15	1.0	tswitch_cswitch
414.59999999999917	0.0	0.25	1.0	NULL
414.84999999999917	3.0	2.15	1.0	tswitch_cswitch
416.9999999999991	0.0	0.25	1.0	NULL
417.2499999999991	3.0	2.15	1.0	tswitch_cswitch
419.399999999999	0.0	0.0	1.0	NULL
419.399999999999	3.0	2.15	1.0	tswitch_cswitch
421.549999999999	0.0	0.25	1.0	NULL
421.799999999999	1.0	2.15	1.0	tstay_cstay
423.9499999999989	0.0	0.25	1.0	NULL
424.1999999999989	2.0	2.15	1.0	tstay_cswitch
426.34999999999883	0.0	0.75	1.0	NULL
427.09999999999883	2.0	2.15	1.0	tstay_cswitch
429.24999999999886	0.0	0.25	1.0	NULL
429.49999999999886	3.0	2.15	1.0	tswitch_cswitch
431.64999999999884	0.0	0.25	1.0	NULL
431.89999999999884	3.0	2.15	1.0	tswitch_cswitch
434.0499999999989	0.0	0.0	1.0	NULL
434.0499999999989	2.0	2.15	1.0	tstay_cswitch
436.19999999999885	0.0	0.25	1.0	NULL
436.44999999999885	1.0	2.15	1.0	tstay_cstay
438.5999999999988	0.0	0.5	1.0	NULL
439.0999999999988	1.0	2.15	1.0	tstay_cstay
441.2499999999988	0.0	0.25	1.0	NULL
441.4999999999988	2.0	2.15	1.0	tstay_cswitch
443.6499999999988	0.0	0.25	1.0	NULL
443.8999999999988	2.0	2.15	1.0	tstay_cswitch
446.04999999999876	0.0	0.25	1.0	NULL
446.29999999999876	1.0	2.15	1.0	tstay_cstay
448.4499999999988	0.0	0.25	1.0	NULL
448.6999999999988	1.0	2.15	1.0	tstay_cstay
450.8499999999987	0.0	0.25	1.0	NULL
451.0999999999987	3.0	2.15	1.0	tswitch_cswitch
453.2499999999987	0.0	0.5	1.0	NULL
453.7499999999987	3.0	2.15	1.0	tswitch_cswitch
455.8999999999986	0.0	0.25	1.0	NULL
456.1499999999986	2.0	2.15	1.0	tstay_cswitch
458.29999999999865	0.0	0.25	1.0	NULL
458.54999999999865	3.0	2.15	1.0	tswitch_cswitch
460.6999999999986	0.0	0.5	1.0	NULL
461.1999999999986	3.0	2.15	1.0	tswitch_cswitch
463.3499999999986	0.0	0.25	1.0	NULL
463.5999999999986	1.0	2.15	1.0	tstay_cstay
465.74999999999864	0.0	0.75	1.0	NULL
466.49999999999864	2.0	2.15	1.0	tstay_cswitch
468.64999999999856	0.0	0.25	1.0	NULL
468.89999999999856	1.0	2.15	1.0	tstay_cstay
471.0499999999985	0.0	0.5	1.0	NULL
471.5499999999985	1.0	2.15	1.0	tstay_cstay
473.69999999999845	0.0	0.0	1.0	NULL
473.69999999999845	2.0	2.15	1.0	tstay_cswitch
475.8499999999985	0.0	0.75	1.0	NULL
476.5999999999985	2.0	2.15	1.0	tstay_cswitch
478.74999999999847	0.0	0.25	1.0	NULL
478.99999999999847	1.0	2.15	1.0	tstay_cstay
481.1499999999984	0.0	0.25	1.0	NULL
481.3999999999984	1.0	2.15	1.0	tstay_cstay
483.5499999999984	0.0	0.25	1.0	NULL
483.7999999999984	3.0	2.15	1.0	tswitch_cswitch
485.9499999999984	0.0	0.5	1.0	NULL
486.4499999999984	3.0	2.15	1.0	tswitch_cswitch
488.5999999999984	0.0	0.25	1.0	NULL
488.8499999999984	3.0	2.15	1.0	tswitch_cswitch
500.9999999999984	0.0	0.25	1.0	NULL
501.2499999999984	3.0	2.15	1.0	tswitch_cswitch
503.39999999999833	0.0	0.75	1.0	NULL
504.14999999999833	2.0	2.15	1.0	tstay_cswitch
506.2999999999983	0.0	0.0	1.0	NULL
506.2999999999983	3.0	2.15	1.0	tswitch_cswitch
508.44999999999834	0.0	0.75	1.0	NULL
509.19999999999834	2.0	2.15	1.0	tstay_cswitch
511.3499999999983	0.0	0.0	1.0	NULL
511.3499999999983	2.0	2.15	1.0	tstay_cswitch
513.4999999999983	0.0	0.25	1.0	NULL
513.7499999999983	1.0	2.15	1.0	tstay_cstay
515.8999999999983	0.0	0.75	1.0	NULL
516.6499999999983	2.0	2.15	1.0	tstay_cswitch
518.7999999999981	0.0	0.25	1.0	NULL
519.0499999999981	2.0	2.15	1.0	tstay_cswitch
521.1999999999981	0.0	0.5	1.0	NULL
521.6999999999981	2.0	2.15	1.0	tstay_cswitch
523.8499999999982	0.0	0.5	1.0	NULL
524.3499999999982	2.0	2.15	1.0	tstay_cswitch
526.4999999999982	0.0	0.25	1.0	NULL
526.7499999999982	1.0	2.15	1.0	tstay_cstay
528.8999999999982	0.0	0.25	1.0	NULL
529.1499999999982	2.0	2.15	1.0	tstay_cswitch
531.2999999999981	0.0	0.0	1.0	NULL
531.2999999999981	1.0	2.15	1.0	tstay_cstay
533.4499999999981	0.0	0.25	1.0	NULL
533.6999999999981	3.0	2.15	1.0	tswitch_cswitch
535.8499999999981	0.0	0.5	1.0	NULL
536.3499999999981	2.0	2.15	1.0	tstay_cswitch
538.4999999999981	0.0	0.25	1.0	NULL
538.7499999999981	3.0	2.15	1.0	tswitch_cswitch
540.899999999998	0.0	0.5	1.0	NULL
541.399999999998	1.0	2.15	1.0	tstay_cstay
543.549999999998	0.0	0.25	1.0	NULL
543.799999999998	2.0	2.15	1.0	tstay_cswitch
545.949999999998	0.0	0.25	1.0	NULL
546.199999999998	2.0	2.15	1.0	tstay_cswitch
548.349999999998	0.0	1.0	1.0	NULL
549.349999999998	2.0	2.15	1.0	tstay_cswitch
551.4999999999981	0.0	0.5	1.0	NULL
551.9999999999981	3.0	2.15	1.0	tswitch_cswitch
554.1499999999978	0.0	0.25	1.0	NULL
554.3999999999978	2.0	2.15	1.0	tstay_cswitch
556.5499999999979	0.0	0.75	1.0	NULL
557.2999999999979	3.0	2.15	1.0	tswitch_cswitch
559.4499999999979	0.0	0.25	1.0	NULL
559.6999999999979	1.0	2.15	1.0	tstay_cstay
561.8499999999979	0.0	0.25	1.0	NULL
562.0999999999979	2.0	2.15	1.0	tstay_cswitch
564.2499999999978	0.0	0.25	1.0	NULL
564.4999999999978	3.0	2.15	1.0	tswitch_cswitch
566.6499999999978	0.0	0.5	1.0	NULL
567.1499999999978	3.0	2.15	1.0	tswitch_cswitch
569.2999999999978	0.0	0.5	1.0	NULL
569.7999999999978	3.0	2.15	1.0	tswitch_cswitch
571.9499999999978	0.0	0.25	1.0	NULL
572.1999999999978	1.0	2.15	1.0	tstay_cstay
574.3499999999977	0.0	0.25	1.0	NULL
574.5999999999977	3.0	2.15	1.0	tswitch_cswitch
576.7499999999978	0.0	0.5	1.0	NULL
577.2499999999978	3.0	2.15	1.0	tswitch_cswitch
579.3999999999978	0.0	0.5	1.0	NULL
579.8999999999978	1.0	2.15	1.0	tstay_cstay
582.0499999999978	0.0	0.5	1.0	NULL
582.5499999999978	3.0	2.15	1.0	tswitch_cswitch
584.6999999999978	0.0	1.5	1.0	NULL
586.1999999999978	3.0	2.15	1.0	tswitch_cswitch
588.3499999999976	0.0	0.25	1.0	NULL
588.5999999999976	3.0	2.15	1.0	tswitch_cswitch
590.7499999999976	0.0	1.25	1.0	NULL
591.9999999999976	1.0	2.15	1.0	tstay_cstay
594.1499999999976	0.0	0.25	1.0	NULL
594.3999999999976	1.0	2.15	1.0	tstay_cstay
596.5499999999977	0.0	0.25	1.0	NULL
596.7999999999977	1.0	2.15	1.0	tstay_cstay
598.9499999999974	0.0	0.25	1.0	NULL
599.1999999999974	2.0	2.15	1.0	tstay_cswitch
601.3499999999975	0.0	1.0	1.0	NULL
602.3499999999975	3.0	2.15	1.0	tswitch_cswitch
604.4999999999975	0.0	0.5	1.0	NULL
604.9999999999975	3.0	2.15	1.0	tswitch_cswitch
607.1499999999975	0.0	0.25	1.0	NULL
607.3999999999975	2.0	2.15	1.0	tstay_cswitch
609.5499999999975	0.0	0.25	1.0	NULL
609.7999999999975	2.0	2.15	1.0	tstay_cswitch
611.9499999999974	0.0	0.25	1.0	NULL
612.1999999999974	1.0	2.15	1.0	tstay_cstay
614.3499999999974	0.0	0.5	1.0	NULL
614.8499999999974	2.0	2.15	1.0	tstay_cswitch
616.9999999999974	0.0	0.25	1.0	NULL
617.2499999999974	3.0	2.15	1.0	tswitch_cswitch
619.3999999999974	0.0	0.5	1.0	NULL
619.8999999999974	2.0	2.15	1.0	tstay_cswitch
622.0499999999972	0.0	2.0	1.0	NULL
624.0499999999972	3.0	2.15	1.0	tswitch_cswitch
626.1999999999972	0.0	0.5	1.0	NULL
626.6999999999972	3.0	2.15	1.0	tswitch_cswitch
628.8499999999973	0.0	0.75	1.0	NULL
629.5999999999973	2.0	2.15	1.0	tstay_cswitch
631.7499999999973	0.0	0.5	1.0	NULL
632.2499999999973	2.0	2.15	1.0	tstay_cswitch
634.3999999999972	0.0	0.25	1.0	NULL
634.6499999999972	2.0	2.15	1.0	tstay_cswitch
636.7999999999972	0.0	0.75	1.0	NULL
637.5499999999972	1.0	2.15	1.0	tstay_cstay
639.6999999999972	0.0	0.25	1.0	NULL
639.9499999999972	2.0	2.15	1.0	tstay_cswitch
642.0999999999973	0.0	1.0	1.0	NULL
643.0999999999973	3.0	2.15	1.0	tswitch_cswitch
645.2499999999973	0.0	0.25	1.0	NULL
645.4999999999973	3.0	2.15	1.0	tswitch_cswitch
647.6499999999971	0.0	0.25	1.0	NULL
647.8999999999971	3.0	2.15	1.0	tswitch_cswitch
650.0499999999971	0.0	1.25	1.0	NULL
651.2999999999971	3.0	2.15	1.0	tswitch_cswitch
653.4499999999971	0.0	0.0	1.0	NULL
653.4499999999971	3.0	2.15	1.0	tswitch_cswitch
655.5999999999971	0.0	0.25	1.0	NULL
655.8499999999971	1.0	2.15	1.0	tstay_cstay
