0.0
5.049999999999999
7.699999999999999
12.5
26.749999999999996
40.74999999999999
43.39999999999999
53.749999999999986
59.04999999999998
63.84999999999999
68.64999999999999
90.35000000000004
99.05000000000005
113.95000000000009
120.6500000000001
123.05000000000011
125.70000000000012
133.90000000000012
136.80000000000013
157.85000000000016
185.6500000000002
191.95000000000022
194.85000000000022
199.90000000000023
202.30000000000024
204.70000000000024
209.10000000000025
213.90000000000026
221.35000000000028
224.00000000000028
229.3000000000003
239.90000000000032
244.95000000000033
247.35000000000034
250.50000000000034
267.40000000000026
272.9500000000002
285.7000000000001
293.65000000000003
300.34999999999997
302.99999999999994
317.1499999999998
337.2499999999997
339.3999999999997
347.3499999999996
349.7499999999996
375.3499999999994
378.7499999999994
404.99999999999915
424.19999999999897
427.09999999999894
434.0499999999989
441.4999999999988
443.8999999999988
456.14999999999867
466.4999999999986
473.6999999999985
476.5999999999985
504.14999999999833
509.1999999999983
511.3499999999983
516.6499999999983
519.0499999999982
521.6999999999982
524.3499999999982
529.1499999999982
536.3499999999981
543.799999999998
546.199999999998
549.349999999998
554.3999999999979
562.0999999999979
599.1999999999975
607.3999999999975
609.7999999999975
614.8499999999974
619.8999999999974
629.5999999999973
632.2499999999973
634.6499999999972
639.9499999999972
