0.0
5.049999999999999
10.85
15.9
18.8
21.45
26.999999999999996
31.799999999999997
43.79999999999999
47.44999999999999
52.249999999999986
54.899999999999984
57.54999999999998
59.94999999999998
64.49999999999999
75.85000000000001
81.15000000000002
83.55000000000003
94.40000000000005
97.05000000000005
99.45000000000006
103.75000000000007
108.80000000000008
116.7500000000001
124.95000000000012
127.35000000000011
139.45000000000013
141.85000000000014
157.15000000000015
164.10000000000016
167.50000000000017
172.80000000000018
185.3000000000002
193.25000000000023
195.65000000000023
198.05000000000024
201.20000000000024
206.25000000000026
209.40000000000026
214.95000000000027
222.6500000000003
226.0500000000003
233.2500000000003
238.80000000000032
244.10000000000034
254.45000000000036
256.85000000000036
259.25000000000034
262.1500000000003
266.9500000000003
269.85000000000025
272.2500000000002
279.3000000000002
294.95000000000005
297.35
300.5
302.9
321.0999999999999
324.4999999999999
327.14999999999986
332.4499999999998
335.8499999999998
338.4999999999998
340.89999999999975
345.4499999999997
347.8499999999997
350.49999999999966
353.14999999999964
359.1999999999996
363.74999999999955
366.1499999999995
370.9499999999995
375.99999999999943
380.7999999999994
385.84999999999934
391.1499999999993
396.19999999999925
398.3499999999992
413.3499999999991
424.199999999999
428.999999999999
431.64999999999895
439.8499999999989
442.99999999999886
445.39999999999884
449.9499999999988
456.3999999999987
459.0499999999987
471.4499999999987
474.34999999999866
479.1499999999986
497.19999999999845
502.7499999999984
516.9999999999983
523.2999999999982
525.9499999999982
528.3499999999982
530.7499999999982
533.1499999999982
535.5499999999981
545.649999999998
553.099999999998
562.6999999999979
565.0999999999979
574.9499999999978
577.3499999999977
582.1499999999977
584.7999999999977
587.4499999999977
589.8499999999976
592.4999999999976
602.5999999999975
611.9499999999974
