2.65
13.25
38.74999999999999
41.14999999999999
49.84999999999999
62.34999999999999
72.7
85.95000000000003
92.00000000000004
101.60000000000007
106.15000000000008
111.20000000000009
114.3500000000001
119.1500000000001
131.0000000000001
144.75000000000014
159.30000000000015
175.9500000000002
183.1500000000002
188.20000000000022
190.35000000000022
203.60000000000025
228.4500000000003
235.65000000000032
241.20000000000033
249.65000000000035
264.5500000000003
276.9000000000002
287.0000000000001
315.79999999999995
368.5499999999995
383.44999999999936
393.5499999999993
405.1499999999992
410.69999999999914
421.29999999999905
426.599999999999
434.54999999999893
437.4499999999989
447.5499999999988
452.0999999999988
476.74999999999864
483.94999999999857
488.9999999999985
492.1499999999985
508.04999999999836
511.44999999999834
519.3999999999983
537.6999999999981
540.3499999999981
542.7499999999981
555.499999999998
567.4999999999978
572.5499999999978
579.7499999999977
595.3999999999976
607.3999999999975
