0.0
2.25
4.5
7.0
9.75
12.0
14.5
16.75
19.0
21.0
23.25
25.5
30.75
33.0
35.25
38.0
40.25
42.5
45.0
50.25
55.75
61.0
66.0
68.5
70.5
73.0
75.25
77.25
82.5
84.75
87.5
90.25
92.5
94.75
97.25
99.5
102.25
107.5
109.75
112.5
115.0
117.25
119.5
122.0
127.5
129.75
132.0
134.25
136.5
146.0
148.0
150.25
152.5
165.25
167.5
173.25
175.75
178.0
180.0
182.25
184.5
187.25
189.75
192.0
194.5
200.25
205.5
208.0
210.25
218.0
226.0
228.25
230.5
233.25
235.5
241.0
243.25
252.25
254.5
257.0
262.75
265.0
267.25
269.5
278.25
280.5
283.0
285.25
287.5
289.75
292.5
298.0
300.5
302.75
305.25
307.75
310.5
317.25
319.5
321.5
324.0
326.25
339.0
341.25
343.5
345.75
351.5
357.0
362.5
371.0
373.5
375.75
378.0
380.5
382.75
385.25
394.5
397.0
405.0
407.5
409.75
412.0
414.5
417.0
419.25
421.5
424.0
426.0
428.5
433.75
436.0
438.0
440.25
442.5
445.0
447.5
449.75
455.0
457.5
460.25
465.25
467.25
469.5
471.75
474.0
476.25
479.0
481.25
486.25
489.0
491.25
506.5
509.0
511.25
513.75
520.25
522.5
524.75
526.75
529.25
531.5
533.75
536.0
538.25
540.5
546.0
548.25
556.75
559.25
561.5
564.0
566.5
568.5
570.75
573.0
575.5
580.75
587.25
589.5
591.75
594.0
596.75
599.5
601.75
604.0
606.0
608.25
610.5
612.75
618.0
620.0
622.25
624.5
626.5
629.0
631.5
633.75
636.0
638.5
640.75
646.0
648.25
650.25
652.5
655.0
657.5
