7.298
30.384
39.172
53.768
98.15200000000002
112.74800000000002
119.74800000000002
134.64200000000002
193.92000000000004
253.49600000000004
268.39000000000004
282.68800000000005
312.77400000000006
320.07200000000006
334.66800000000006
367.1580000000001
396.6480000000001
434.0320000000001
487.5020000000001
555.5680000000001
620.6540000000001
678.7400000000001
716.4220000000001
741.3160000000001
785.7000000000002
831.2760000000002
852.8720000000002
882.0640000000002
896.6600000000002
940.1500000000002
983.3420000000002
