23.086
127.34400000000002
186.32400000000004
209.11200000000005
224.00600000000006
260.79400000000004
275.68800000000005
289.98600000000005
297.88000000000005
327.66800000000006
348.96600000000007
451.6080000000001
458.9060000000001
511.1840000000001
525.7800000000001
533.6740000000001
562.5680000000001
577.1640000000001
584.4620000000001
613.3560000000001
635.2500000000001
664.4420000000001
686.0380000000001
693.9320000000001
748.6140000000001
763.2100000000002
771.1040000000002
778.4020000000002
799.9980000000002
807.2960000000002
822.7860000000002
838.2760000000002
845.5740000000002
867.4680000000002
918.8520000000002
961.7460000000002
968.7460000000002
991.5340000000002
1049.9180000000001
1057.8120000000001
1065.1100000000001
1080.0040000000001
