0.0	0.0	0.0	1.0	NULL
0.0	3.0	2.15	1.0	tswitch_cswitch
2.15	0.0	0.5	1.0	NULL
2.65	3.0	2.15	1.0	tswitch_cswitch
4.799999999999999	0.0	0.25	1.0	NULL
5.049999999999999	3.0	2.15	1.0	tswitch_cswitch
7.199999999999998	0.0	0.25	1.0	NULL
7.449999999999998	3.0	2.15	1.0	tswitch_cswitch
9.6	0.0	0.25	1.0	NULL
9.85	3.0	2.15	1.0	tswitch_cswitch
12.0	0.0	0.25	1.0	NULL
12.25	3.0	2.15	1.0	tswitch_cswitch
14.4	0.0	0.25	1.0	NULL
14.65	3.0	2.15	1.0	tswitch_cswitch
16.8	0.0	0.5	1.0	NULL
17.3	1.0	2.15	1.0	tstay_cstay
19.45	0.0	0.25	1.0	NULL
19.7	2.0	2.15	1.0	tstay_cswitch
21.85	0.0	0.5	1.0	NULL
22.35	1.0	2.15	1.0	tstay_cstay
24.5	0.0	0.25	1.0	NULL
24.75	3.0	2.15	1.0	tswitch_cswitch
26.899999999999995	0.0	0.5	1.0	NULL
27.399999999999995	3.0	2.15	1.0	tswitch_cswitch
29.55	0.0	0.5	1.0	NULL
30.05	3.0	2.15	1.0	tswitch_cswitch
32.2	0.0	0.25	1.0	NULL
32.45	1.0	2.15	1.0	tstay_cstay
34.599999999999994	0.0	0.25	1.0	NULL
34.849999999999994	3.0	2.15	1.0	tswitch_cswitch
36.99999999999999	0.0	1.0	1.0	NULL
37.99999999999999	3.0	2.15	1.0	tswitch_cswitch
40.14999999999999	0.0	0.5	1.0	NULL
40.64999999999999	2.0	2.15	1.0	tstay_cswitch
42.79999999999999	0.0	1.0	1.0	NULL
43.79999999999999	3.0	2.15	1.0	tswitch_cswitch
45.94999999999999	0.0	2.0	1.0	NULL
47.94999999999999	2.0	2.15	1.0	tstay_cswitch
50.09999999999999	0.0	0.0	1.0	NULL
50.09999999999999	3.0	2.15	1.0	tswitch_cswitch
52.24999999999999	0.0	0.0	1.0	NULL
52.24999999999999	2.0	2.15	1.0	tstay_cswitch
54.399999999999984	0.0	0.25	1.0	NULL
54.649999999999984	3.0	2.15	1.0	tswitch_cswitch
56.79999999999998	0.0	0.0	1.0	NULL
56.79999999999998	1.0	2.15	1.0	tstay_cstay
58.94999999999998	0.0	0.25	1.0	NULL
59.19999999999998	3.0	2.15	1.0	tswitch_cswitch
61.34999999999998	0.0	0.5	1.0	NULL
61.84999999999998	3.0	2.15	1.0	tswitch_cswitch
63.99999999999997	0.0	2.25	1.0	NULL
66.24999999999997	3.0	2.15	1.0	tswitch_cswitch
68.39999999999998	0.0	0.5	1.0	NULL
68.89999999999998	3.0	2.15	1.0	tswitch_cswitch
71.04999999999998	0.0	0.5	1.0	NULL
71.54999999999998	3.0	2.15	1.0	tswitch_cswitch
73.69999999999997	0.0	0.5	1.0	NULL
74.19999999999997	3.0	2.15	1.0	tswitch_cswitch
76.35	0.0	0.5	1.0	NULL
76.85	2.0	2.15	1.0	tstay_cswitch
79.0	0.0	0.25	1.0	NULL
79.25	3.0	2.15	1.0	tswitch_cswitch
81.4	0.0	0.75	1.0	NULL
82.15	2.0	2.15	1.0	tstay_cswitch
84.30000000000003	0.0	0.5	1.0	NULL
84.80000000000003	2.0	2.15	1.0	tstay_cswitch
86.95000000000002	0.0	0.25	1.0	NULL
87.20000000000002	3.0	2.15	1.0	tswitch_cswitch
89.35000000000002	0.0	0.25	1.0	NULL
89.60000000000002	1.0	2.15	1.0	tstay_cstay
91.75000000000004	0.0	0.75	1.0	NULL
92.50000000000004	2.0	2.15	1.0	tstay_cswitch
94.65000000000003	0.0	0.5	1.0	NULL
95.15000000000003	3.0	2.15	1.0	tswitch_cswitch
97.30000000000004	0.0	0.25	1.0	NULL
97.55000000000004	2.0	2.15	1.0	tstay_cswitch
99.70000000000003	0.0	0.5	1.0	NULL
100.20000000000003	3.0	2.15	1.0	tswitch_cswitch
102.35000000000004	0.0	0.5	1.0	NULL
102.85000000000004	3.0	2.15	1.0	tswitch_cswitch
105.00000000000006	0.0	0.25	1.0	NULL
105.25000000000006	1.0	2.15	1.0	tstay_cstay
107.40000000000006	0.0	0.5	1.0	NULL
107.90000000000006	2.0	2.15	1.0	tstay_cswitch
110.05000000000008	0.0	1.25	1.0	NULL
111.30000000000008	1.0	2.15	1.0	tstay_cstay
113.45000000000007	0.0	0.5	1.0	NULL
113.95000000000007	2.0	2.15	1.0	tstay_cswitch
116.10000000000008	0.0	0.25	1.0	NULL
116.35000000000008	1.0	2.15	1.0	tstay_cstay
118.50000000000007	0.0	0.25	1.0	NULL
118.75000000000007	1.0	2.15	1.0	tstay_cstay
120.90000000000008	0.0	0.25	1.0	NULL
121.15000000000008	2.0	2.15	1.0	tstay_cswitch
123.3000000000001	0.0	0.5	1.0	NULL
123.8000000000001	1.0	2.15	1.0	tstay_cstay
125.9500000000001	0.0	0.25	1.0	NULL
126.2000000000001	3.0	2.15	1.0	tswitch_cswitch
128.3500000000001	0.0	0.5	1.0	NULL
128.8500000000001	3.0	2.15	1.0	tswitch_cswitch
131.00000000000009	0.0	0.25	1.0	NULL
131.25000000000009	1.0	2.15	1.0	tstay_cstay
133.40000000000012	0.0	0.5	1.0	NULL
133.90000000000012	3.0	2.15	1.0	tswitch_cswitch
136.05000000000013	0.0	0.25	1.0	NULL
136.30000000000013	1.0	2.15	1.0	tstay_cstay
138.45000000000013	0.0	0.5	1.0	NULL
138.95000000000013	1.0	2.15	1.0	tstay_cstay
141.10000000000014	0.0	0.25	1.0	NULL
141.35000000000014	2.0	2.15	1.0	tstay_cswitch
143.50000000000014	0.0	0.25	1.0	NULL
143.75000000000014	2.0	2.15	1.0	tstay_cswitch
145.90000000000015	0.0	1.75	1.0	NULL
147.65000000000015	3.0	2.15	1.0	tswitch_cswitch
149.80000000000015	0.0	0.5	1.0	NULL
150.30000000000015	1.0	2.15	1.0	tstay_cstay
152.45000000000016	0.0	0.25	1.0	NULL
152.70000000000016	3.0	2.15	1.0	tswitch_cswitch
154.85000000000016	0.0	0.75	1.0	NULL
155.60000000000016	2.0	2.15	1.0	tstay_cswitch
167.75000000000014	0.0	0.75	1.0	NULL
168.50000000000014	2.0	2.15	1.0	tstay_cswitch
170.6500000000002	0.0	0.25	1.0	NULL
170.9000000000002	3.0	2.15	1.0	tswitch_cswitch
173.05000000000018	0.0	1.0	1.0	NULL
174.05000000000018	3.0	2.15	1.0	tswitch_cswitch
176.2000000000002	0.0	0.25	1.0	NULL
176.4500000000002	2.0	2.15	1.0	tstay_cswitch
178.6000000000002	0.0	0.25	1.0	NULL
178.8500000000002	3.0	2.15	1.0	tswitch_cswitch
181.0000000000002	0.0	1.0	1.0	NULL
182.0000000000002	3.0	2.15	1.0	tswitch_cswitch
184.1500000000002	0.0	0.25	1.0	NULL
184.4000000000002	3.0	2.15	1.0	tswitch_cswitch
186.55000000000018	0.0	0.75	1.0	NULL
187.30000000000018	3.0	2.15	1.0	tswitch_cswitch
189.45000000000027	0.0	0.5	1.0	NULL
189.95000000000027	3.0	2.15	1.0	tswitch_cswitch
192.10000000000028	0.0	0.25	1.0	NULL
192.35000000000028	1.0	2.15	1.0	tstay_cstay
194.50000000000026	0.0	0.25	1.0	NULL
194.75000000000026	1.0	2.15	1.0	tstay_cstay
196.90000000000026	0.0	0.5	1.0	NULL
197.40000000000026	3.0	2.15	1.0	tswitch_cswitch
199.55000000000027	0.0	0.25	1.0	NULL
199.80000000000027	1.0	2.15	1.0	tstay_cstay
201.95000000000027	0.0	0.25	1.0	NULL
202.20000000000027	3.0	2.15	1.0	tswitch_cswitch
204.35000000000028	0.0	0.5	1.0	NULL
204.85000000000028	3.0	2.15	1.0	tswitch_cswitch
207.00000000000026	0.0	0.5	1.0	NULL
207.50000000000026	3.0	2.15	1.0	tswitch_cswitch
209.65000000000026	0.0	1.5	1.0	NULL
211.15000000000026	3.0	2.15	1.0	tswitch_cswitch
213.30000000000027	0.0	0.5	1.0	NULL
213.80000000000027	3.0	2.15	1.0	tswitch_cswitch
215.95000000000027	0.0	1.25	1.0	NULL
217.20000000000027	1.0	2.15	1.0	tstay_cstay
219.35000000000028	0.0	1.0	1.0	NULL
220.35000000000028	3.0	2.15	1.0	tswitch_cswitch
222.50000000000026	0.0	0.25	1.0	NULL
222.75000000000026	1.0	2.15	1.0	tstay_cstay
224.90000000000032	0.0	1.0	1.0	NULL
225.90000000000032	3.0	2.15	1.0	tswitch_cswitch
228.0500000000003	0.0	0.75	1.0	NULL
228.8000000000003	2.0	2.15	1.0	tstay_cswitch
230.9500000000003	0.0	0.75	1.0	NULL
231.7000000000003	2.0	2.15	1.0	tstay_cswitch
233.8500000000003	0.0	0.75	1.0	NULL
234.6000000000003	1.0	2.15	1.0	tstay_cstay
236.7500000000003	0.0	1.25	1.0	NULL
238.0000000000003	2.0	2.15	1.0	tstay_cswitch
240.15000000000032	0.0	1.0	1.0	NULL
241.15000000000032	3.0	2.15	1.0	tswitch_cswitch
243.3000000000003	0.0	0.25	1.0	NULL
243.5500000000003	3.0	2.15	1.0	tswitch_cswitch
245.7000000000004	0.0	0.25	1.0	NULL
245.9500000000004	1.0	2.15	1.0	tstay_cstay
248.1000000000004	0.0	0.25	1.0	NULL
248.3500000000004	1.0	2.15	1.0	tstay_cstay
250.50000000000037	0.0	0.25	1.0	NULL
250.75000000000037	2.0	2.15	1.0	tstay_cswitch
252.90000000000038	0.0	1.0	1.0	NULL
253.90000000000038	3.0	2.15	1.0	tswitch_cswitch
256.0500000000004	0.0	0.5	1.0	NULL
256.5500000000004	1.0	2.15	1.0	tstay_cstay
258.7000000000004	0.0	0.5	1.0	NULL
259.2000000000004	3.0	2.15	1.0	tswitch_cswitch
261.3500000000003	0.0	0.75	1.0	NULL
262.1000000000003	3.0	2.15	1.0	tswitch_cswitch
264.2500000000003	0.0	0.75	1.0	NULL
265.0000000000003	3.0	2.15	1.0	tswitch_cswitch
267.15000000000026	0.0	0.5	1.0	NULL
267.65000000000026	3.0	2.15	1.0	tswitch_cswitch
269.80000000000024	0.0	0.75	1.0	NULL
270.55000000000024	1.0	2.15	1.0	tstay_cstay
272.7000000000002	0.0	0.25	1.0	NULL
272.9500000000002	2.0	2.15	1.0	tstay_cswitch
275.1000000000002	0.0	1.5	1.0	NULL
276.6000000000002	3.0	2.15	1.0	tswitch_cswitch
278.75000000000017	0.0	0.25	1.0	NULL
279.00000000000017	1.0	2.15	1.0	tstay_cstay
281.1500000000001	0.0	0.0	1.0	NULL
281.1500000000001	3.0	2.15	1.0	tswitch_cswitch
283.3000000000001	0.0	1.5	1.0	NULL
284.8000000000001	1.0	2.15	1.0	tstay_cstay
286.9500000000001	0.0	0.25	1.0	NULL
287.2000000000001	2.0	2.15	1.0	tstay_cswitch
289.35000000000014	0.0	0.5	1.0	NULL
289.85000000000014	3.0	2.15	1.0	tswitch_cswitch
292.00000000000006	0.0	0.25	1.0	NULL
292.25000000000006	2.0	2.15	1.0	tstay_cswitch
294.4000000000001	0.0	0.75	1.0	NULL
295.1500000000001	3.0	2.15	1.0	tswitch_cswitch
297.3	0.0	0.25	1.0	NULL
297.55	3.0	2.15	1.0	tswitch_cswitch
299.7	0.0	0.75	1.0	NULL
300.45	3.0	2.15	1.0	tswitch_cswitch
302.6	0.0	0.5	1.0	NULL
303.1	1.0	2.15	1.0	tstay_cstay
305.24999999999994	0.0	0.25	1.0	NULL
305.49999999999994	2.0	2.15	1.0	tstay_cswitch
307.64999999999986	0.0	0.25	1.0	NULL
307.89999999999986	3.0	2.15	1.0	tswitch_cswitch
310.0499999999999	0.0	0.5	1.0	NULL
310.5499999999999	3.0	2.15	1.0	tswitch_cswitch
312.6999999999999	0.0	0.5	1.0	NULL
313.1999999999999	1.0	2.15	1.0	tstay_cstay
315.3499999999998	0.0	0.75	1.0	NULL
316.0999999999998	1.0	2.15	1.0	tstay_cstay
318.24999999999983	0.0	0.25	1.0	NULL
318.49999999999983	3.0	2.15	1.0	tswitch_cswitch
320.6499999999998	0.0	0.25	1.0	NULL
320.8999999999998	3.0	2.15	1.0	tswitch_cswitch
323.0499999999998	0.0	0.5	1.0	NULL
323.5499999999998	3.0	2.15	1.0	tswitch_cswitch
325.69999999999976	0.0	0.0	1.0	NULL
325.69999999999976	3.0	2.15	1.0	tswitch_cswitch
327.84999999999974	0.0	0.25	1.0	NULL
328.09999999999974	3.0	2.15	1.0	tswitch_cswitch
340.2499999999997	0.0	0.25	1.0	NULL
340.4999999999997	2.0	2.15	1.0	tstay_cswitch
342.6499999999997	0.0	0.5	1.0	NULL
343.1499999999997	2.0	2.15	1.0	tstay_cswitch
345.29999999999967	0.0	0.25	1.0	NULL
345.54999999999967	1.0	2.15	1.0	tstay_cstay
347.6999999999996	0.0	0.25	1.0	NULL
347.9499999999996	3.0	2.15	1.0	tswitch_cswitch
350.0999999999996	0.0	0.0	1.0	NULL
350.0999999999996	3.0	2.15	1.0	tswitch_cswitch
352.2499999999996	0.0	1.25	1.0	NULL
353.4999999999996	3.0	2.15	1.0	tswitch_cswitch
355.64999999999964	0.0	1.0	1.0	NULL
356.64999999999964	3.0	2.15	1.0	tswitch_cswitch
358.7999999999996	0.0	0.25	1.0	NULL
359.0499999999996	1.0	2.15	1.0	tstay_cstay
361.1999999999995	0.0	0.25	1.0	NULL
361.4499999999995	3.0	2.15	1.0	tswitch_cswitch
363.59999999999945	0.0	0.75	1.0	NULL
364.34999999999945	3.0	2.15	1.0	tswitch_cswitch
366.4999999999995	0.0	0.5	1.0	NULL
366.9999999999995	2.0	2.15	1.0	tstay_cswitch
369.14999999999947	0.0	0.25	1.0	NULL
369.39999999999947	2.0	2.15	1.0	tstay_cswitch
371.5499999999994	0.0	0.5	1.0	NULL
372.0499999999994	3.0	2.15	1.0	tswitch_cswitch
374.19999999999936	0.0	0.5	1.0	NULL
374.69999999999936	3.0	2.15	1.0	tswitch_cswitch
376.8499999999994	0.0	0.5	1.0	NULL
377.3499999999994	3.0	2.15	1.0	tswitch_cswitch
379.4999999999994	0.0	0.25	1.0	NULL
379.7499999999994	1.0	2.15	1.0	tstay_cstay
381.8999999999994	0.0	0.0	1.0	NULL
381.8999999999994	2.0	2.15	1.0	tstay_cswitch
384.0499999999992	0.0	0.25	1.0	NULL
384.2999999999992	2.0	2.15	1.0	tstay_cswitch
386.4499999999993	0.0	0.5	1.0	NULL
386.9499999999993	1.0	2.15	1.0	tstay_cstay
389.09999999999934	0.0	0.25	1.0	NULL
389.34999999999934	3.0	2.15	1.0	tswitch_cswitch
391.49999999999926	0.0	0.75	1.0	NULL
392.24999999999926	1.0	2.15	1.0	tstay_cstay
394.3999999999992	0.0	0.0	1.0	NULL
394.3999999999992	1.0	2.15	1.0	tstay_cstay
396.54999999999916	0.0	0.5	1.0	NULL
397.04999999999916	3.0	2.15	1.0	tswitch_cswitch
399.19999999999914	0.0	1.0	1.0	NULL
400.19999999999914	1.0	2.15	1.0	tstay_cstay
402.34999999999917	0.0	0.25	1.0	NULL
402.59999999999917	3.0	2.15	1.0	tswitch_cswitch
404.74999999999915	0.0	0.5	1.0	NULL
405.24999999999915	2.0	2.15	1.0	tstay_cswitch
407.3999999999992	0.0	0.5	1.0	NULL
407.8999999999992	2.0	2.15	1.0	tstay_cswitch
410.04999999999916	0.0	0.75	1.0	NULL
410.79999999999916	2.0	2.15	1.0	tstay_cswitch
412.94999999999914	0.0	0.25	1.0	NULL
413.19999999999914	1.0	2.15	1.0	tstay_cstay
415.34999999999917	0.0	1.0	1.0	NULL
416.34999999999917	3.0	2.15	1.0	tswitch_cswitch
418.4999999999991	0.0	0.75	1.0	NULL
419.2499999999991	3.0	2.15	1.0	tswitch_cswitch
421.399999999999	0.0	0.5	1.0	NULL
421.899999999999	3.0	2.15	1.0	tswitch_cswitch
424.049999999999	0.0	1.25	1.0	NULL
425.299999999999	3.0	2.15	1.0	tswitch_cswitch
427.4499999999989	0.0	0.25	1.0	NULL
427.6999999999989	2.0	2.15	1.0	tstay_cswitch
429.84999999999883	0.0	0.25	1.0	NULL
430.09999999999883	2.0	2.15	1.0	tstay_cswitch
432.24999999999886	0.0	0.25	1.0	NULL
432.49999999999886	1.0	2.15	1.0	tstay_cstay
434.64999999999884	0.0	0.25	1.0	NULL
434.89999999999884	3.0	2.15	1.0	tswitch_cswitch
437.0499999999989	0.0	0.75	1.0	NULL
437.7999999999989	1.0	2.15	1.0	tstay_cstay
439.94999999999885	0.0	0.75	1.0	NULL
440.69999999999885	1.0	2.15	1.0	tstay_cstay
442.8499999999988	0.0	0.25	1.0	NULL
443.0999999999988	1.0	2.15	1.0	tstay_cstay
445.2499999999988	0.0	0.75	1.0	NULL
445.9999999999988	1.0	2.15	1.0	tstay_cstay
448.1499999999988	0.0	0.5	1.0	NULL
448.6499999999988	2.0	2.15	1.0	tstay_cswitch
450.79999999999876	0.0	0.25	1.0	NULL
451.04999999999876	3.0	2.15	1.0	tswitch_cswitch
453.1999999999988	0.0	1.0	1.0	NULL
454.1999999999988	3.0	2.15	1.0	tswitch_cswitch
456.3499999999987	0.0	0.25	1.0	NULL
456.5999999999987	1.0	2.15	1.0	tstay_cstay
458.7499999999987	0.0	0.5	1.0	NULL
459.2499999999987	3.0	2.15	1.0	tswitch_cswitch
461.3999999999986	0.0	0.25	1.0	NULL
461.6499999999986	1.0	2.15	1.0	tstay_cstay
463.79999999999865	0.0	0.0	1.0	NULL
463.79999999999865	1.0	2.15	1.0	tstay_cstay
465.9499999999986	0.0	0.25	1.0	NULL
466.1999999999986	3.0	2.15	1.0	tswitch_cswitch
468.3499999999986	0.0	0.25	1.0	NULL
468.5999999999986	3.0	2.15	1.0	tswitch_cswitch
470.74999999999864	0.0	0.25	1.0	NULL
470.99999999999864	3.0	2.15	1.0	tswitch_cswitch
473.14999999999856	0.0	0.5	1.0	NULL
473.64999999999856	3.0	2.15	1.0	tswitch_cswitch
475.7999999999985	0.0	1.25	1.0	NULL
477.0499999999985	2.0	2.15	1.0	tstay_cswitch
479.19999999999845	0.0	0.25	1.0	NULL
479.44999999999845	3.0	2.15	1.0	tswitch_cswitch
481.5999999999985	0.0	0.75	1.0	NULL
482.3499999999985	1.0	2.15	1.0	tstay_cstay
484.49999999999847	0.0	0.5	1.0	NULL
484.99999999999847	1.0	2.15	1.0	tstay_cstay
487.1499999999984	0.0	0.25	1.0	NULL
487.3999999999984	2.0	2.15	1.0	tstay_cswitch
489.5499999999984	0.0	1.0	1.0	NULL
490.5499999999984	2.0	2.15	1.0	tstay_cswitch
492.6999999999984	0.0	0.25	1.0	NULL
492.9499999999984	2.0	2.15	1.0	tstay_cswitch
495.0999999999984	0.0	0.25	1.0	NULL
495.3499999999984	3.0	2.15	1.0	tswitch_cswitch
507.4999999999984	0.0	1.0	1.0	NULL
508.4999999999984	3.0	2.15	1.0	tswitch_cswitch
510.6499999999984	0.0	0.5	1.0	NULL
511.1499999999984	3.0	2.15	1.0	tswitch_cswitch
513.2999999999984	0.0	0.75	1.0	NULL
514.0499999999984	2.0	2.15	1.0	tstay_cswitch
516.1999999999983	0.0	0.25	1.0	NULL
516.4499999999983	3.0	2.15	1.0	tswitch_cswitch
518.5999999999983	0.0	0.5	1.0	NULL
519.0999999999983	3.0	2.15	1.0	tswitch_cswitch
521.2499999999983	0.0	0.25	1.0	NULL
521.4999999999983	2.0	2.15	1.0	tstay_cswitch
523.6499999999983	0.0	0.5	1.0	NULL
524.1499999999983	3.0	2.15	1.0	tswitch_cswitch
526.2999999999981	0.0	0.25	1.0	NULL
526.5499999999981	1.0	2.15	1.0	tstay_cstay
528.6999999999981	0.0	0.5	1.0	NULL
529.1999999999981	2.0	2.15	1.0	tstay_cswitch
531.3499999999982	0.0	0.25	1.0	NULL
531.5999999999982	3.0	2.15	1.0	tswitch_cswitch
533.7499999999982	0.0	0.25	1.0	NULL
533.9999999999982	1.0	2.15	1.0	tstay_cstay
536.1499999999982	0.0	0.0	1.0	NULL
536.1499999999982	3.0	2.15	1.0	tswitch_cswitch
538.2999999999981	0.0	0.25	1.0	NULL
538.5499999999981	3.0	2.15	1.0	tswitch_cswitch
540.6999999999981	0.0	1.0	1.0	NULL
541.6999999999981	3.0	2.15	1.0	tswitch_cswitch
543.8499999999981	0.0	0.25	1.0	NULL
544.0999999999981	3.0	2.15	1.0	tswitch_cswitch
546.2499999999981	0.0	0.75	1.0	NULL
546.9999999999981	1.0	2.15	1.0	tstay_cstay
549.149999999998	0.0	0.5	1.0	NULL
549.649999999998	3.0	2.15	1.0	tswitch_cswitch
551.799999999998	0.0	0.0	1.0	NULL
551.799999999998	3.0	2.15	1.0	tswitch_cswitch
553.949999999998	0.0	0.25	1.0	NULL
554.199999999998	2.0	2.15	1.0	tstay_cswitch
556.349999999998	0.0	0.5	1.0	NULL
556.849999999998	3.0	2.15	1.0	tswitch_cswitch
558.9999999999981	0.0	0.75	1.0	NULL
559.7499999999981	2.0	2.15	1.0	tstay_cswitch
561.8999999999978	0.0	0.75	1.0	NULL
562.6499999999978	3.0	2.15	1.0	tswitch_cswitch
564.7999999999979	0.0	0.25	1.0	NULL
565.0499999999979	2.0	2.15	1.0	tstay_cswitch
567.1999999999979	0.0	0.25	1.0	NULL
567.4499999999979	3.0	2.15	1.0	tswitch_cswitch
569.5999999999979	0.0	0.25	1.0	NULL
569.8499999999979	2.0	2.15	1.0	tstay_cswitch
571.9999999999978	0.0	0.25	1.0	NULL
572.2499999999978	3.0	2.15	1.0	tswitch_cswitch
574.3999999999978	0.0	0.5	1.0	NULL
574.8999999999978	2.0	2.15	1.0	tstay_cswitch
577.0499999999978	0.0	0.25	1.0	NULL
577.2999999999978	1.0	2.15	1.0	tstay_cstay
579.4499999999978	0.0	0.25	1.0	NULL
579.6999999999978	3.0	2.15	1.0	tswitch_cswitch
581.8499999999977	0.0	0.25	1.0	NULL
582.0999999999977	2.0	2.15	1.0	tstay_cswitch
584.2499999999978	0.0	0.25	1.0	NULL
584.4999999999978	1.0	2.15	1.0	tstay_cstay
586.6499999999978	0.0	0.0	1.0	NULL
586.6499999999978	1.0	2.15	1.0	tstay_cstay
588.7999999999978	0.0	0.75	1.0	NULL
589.5499999999978	2.0	2.15	1.0	tstay_cswitch
591.6999999999978	0.0	1.0	1.0	NULL
592.6999999999978	3.0	2.15	1.0	tswitch_cswitch
594.8499999999976	0.0	0.25	1.0	NULL
595.0999999999976	2.0	2.15	1.0	tstay_cswitch
597.2499999999976	0.0	0.75	1.0	NULL
597.9999999999976	1.0	2.15	1.0	tstay_cstay
600.1499999999976	0.0	0.75	1.0	NULL
600.8999999999976	3.0	2.15	1.0	tswitch_cswitch
603.0499999999977	0.0	0.5	1.0	NULL
603.5499999999977	1.0	2.15	1.0	tstay_cstay
605.6999999999974	0.0	0.5	1.0	NULL
606.1999999999974	3.0	2.15	1.0	tswitch_cswitch
608.3499999999975	0.0	0.25	1.0	NULL
608.5999999999975	2.0	2.15	1.0	tstay_cswitch
610.7499999999975	0.0	0.0	1.0	NULL
610.7499999999975	2.0	2.15	1.0	tstay_cswitch
612.8999999999975	0.0	0.5	1.0	NULL
613.3999999999975	1.0	2.15	1.0	tstay_cstay
615.5499999999975	0.0	0.25	1.0	NULL
615.7999999999975	3.0	2.15	1.0	tswitch_cswitch
617.9499999999974	0.0	0.25	1.0	NULL
618.1999999999974	3.0	2.15	1.0	tswitch_cswitch
620.3499999999974	0.0	0.25	1.0	NULL
620.5999999999974	1.0	2.15	1.0	tstay_cstay
622.7499999999974	0.0	1.0	1.0	NULL
623.7499999999974	3.0	2.15	1.0	tswitch_cswitch
625.8999999999974	0.0	0.25	1.0	NULL
626.1499999999974	3.0	2.15	1.0	tswitch_cswitch
628.2999999999972	0.0	0.25	1.0	NULL
628.5499999999972	1.0	2.15	1.0	tstay_cstay
630.6999999999972	0.0	0.5	1.0	NULL
631.1999999999972	3.0	2.15	1.0	tswitch_cswitch
633.3499999999973	0.0	0.25	1.0	NULL
633.5999999999973	3.0	2.15	1.0	tswitch_cswitch
635.7499999999973	0.0	0.0	1.0	NULL
635.7499999999973	2.0	2.15	1.0	tstay_cswitch
637.8999999999972	0.0	0.75	1.0	NULL
638.6499999999972	3.0	2.15	1.0	tswitch_cswitch
640.7999999999972	0.0	0.25	1.0	NULL
641.0499999999972	3.0	2.15	1.0	tswitch_cswitch
643.1999999999972	0.0	0.5	1.0	NULL
643.6999999999972	3.0	2.15	1.0	tswitch_cswitch
645.8499999999973	0.0	0.5	1.0	NULL
646.3499999999973	2.0	2.15	1.0	tstay_cswitch
648.4999999999973	0.0	0.25	1.0	NULL
648.7499999999973	1.0	2.15	1.0	tstay_cstay
650.8999999999971	0.0	0.25	1.0	NULL
651.1499999999971	1.0	2.15	1.0	tstay_cstay
653.2999999999971	0.0	0.25	1.0	NULL
653.5499999999971	3.0	2.15	1.0	tswitch_cswitch
655.6999999999971	0.0	0.75	1.0	NULL
656.4499999999971	2.0	2.15	1.0	tstay_cswitch
658.5999999999971	0.0	0.25	1.0	NULL
658.8499999999971	3.0	2.15	1.0	tswitch_cswitch
