0.0
2.65
5.049999999999999
7.449999999999999
9.85
12.25
14.65
24.749999999999996
27.399999999999995
30.049999999999997
34.849999999999994
37.99999999999999
43.79999999999999
50.09999999999999
54.649999999999984
59.19999999999998
61.84999999999998
66.24999999999997
68.89999999999998
71.54999999999998
74.19999999999999
79.25
87.20000000000002
95.15000000000003
100.20000000000005
102.85000000000005
126.2000000000001
128.8500000000001
133.90000000000012
147.65000000000015
152.70000000000016
170.90000000000018
174.05000000000018
178.8500000000002
182.0000000000002
184.4000000000002
187.3000000000002
189.95000000000022
197.40000000000023
202.20000000000024
204.85000000000025
207.50000000000026
211.15000000000026
213.80000000000027
220.35000000000028
225.9000000000003
241.15000000000032
243.55000000000032
253.90000000000035
259.20000000000033
262.1000000000003
265.0000000000003
267.65000000000026
276.6000000000002
281.15000000000015
289.8500000000001
295.15000000000003
297.55
300.45
307.8999999999999
310.5499999999999
318.49999999999983
320.8999999999998
323.5499999999998
325.69999999999976
328.09999999999974
347.94999999999965
350.0999999999996
353.4999999999996
356.6499999999996
361.44999999999953
364.3499999999995
372.04999999999944
374.6999999999994
377.3499999999994
389.3499999999993
397.0499999999992
402.59999999999917
416.34999999999906
419.24999999999903
421.899999999999
425.299999999999
434.8999999999989
451.04999999999876
454.19999999999874
459.2499999999987
466.1999999999986
468.5999999999986
470.9999999999986
473.64999999999856
479.4499999999985
495.3499999999984
508.49999999999835
511.1499999999984
516.4499999999983
519.0999999999983
524.1499999999983
531.5999999999982
536.1499999999982
538.5499999999981
541.6999999999981
544.0999999999981
549.649999999998
551.799999999998
556.849999999998
562.6499999999979
567.4499999999979
572.2499999999978
579.6999999999978
592.6999999999977
600.8999999999976
606.1999999999975
615.7999999999975
618.1999999999974
623.7499999999974
626.1499999999974
631.1999999999973
633.5999999999973
638.6499999999972
641.0499999999972
643.6999999999972
653.5499999999971
658.8499999999971
