9.6
17.55
35.349999999999994
40.39999999999999
53.399999999999984
55.79999999999998
60.34999999999998
70.19999999999999
72.85
75.0
77.15
79.80000000000001
91.65000000000003
94.80000000000004
97.70000000000005
101.35000000000005
103.75000000000006
109.05000000000007
114.35000000000008
126.85000000000011
145.30000000000013
148.70000000000013
159.05000000000015
161.45000000000016
168.65000000000018
175.8500000000002
178.5000000000002
188.85000000000022
193.65000000000023
196.80000000000024
199.45000000000024
204.00000000000026
214.20000000000027
216.60000000000028
224.3000000000003
229.3500000000003
239.45000000000033
257.75000000000034
271.2500000000002
291.10000000000014
311.04999999999995
333.14999999999975
343.74999999999966
356.34999999999957
361.3999999999995
366.9499999999995
369.34999999999945
374.8999999999994
377.2999999999994
381.84999999999934
384.2499999999993
402.54999999999916
409.9999999999991
414.54999999999905
416.949999999999
419.349999999999
421.999999999999
434.39999999999895
437.54999999999893
439.9499999999989
451.6999999999988
456.49999999999875
461.2999999999987
463.6999999999987
479.34999999999854
481.7499999999985
497.6499999999984
500.79999999999836
505.8499999999983
508.2499999999983
519.0999999999982
545.749999999998
552.5499999999979
557.3499999999979
