19.7
40.64999999999999
47.94999999999999
52.249999999999986
76.85
82.15
84.80000000000001
92.50000000000003
97.55000000000004
107.90000000000006
113.95000000000007
121.15000000000009
141.35000000000014
143.75000000000014
155.60000000000016
168.50000000000017
176.4500000000002
228.8000000000003
231.7000000000003
238.0000000000003
250.75000000000034
272.9500000000002
287.2000000000001
292.25000000000006
305.49999999999994
340.4999999999997
343.1499999999997
366.9999999999995
369.39999999999947
381.89999999999935
384.29999999999933
405.24999999999915
407.8999999999991
410.7999999999991
427.69999999999897
430.09999999999894
448.6499999999988
477.04999999999853
487.39999999999844
490.5499999999984
492.9499999999984
514.0499999999984
521.4999999999983
529.1999999999982
554.199999999998
559.749999999998
565.0499999999979
569.8499999999979
574.8999999999978
582.0999999999977
589.5499999999977
595.0999999999976
608.5999999999975
610.7499999999975
635.7499999999973
646.3499999999972
656.4499999999971
