0.0	0.0	0.0	1.0	NULL
0.0	1.0	6.0	1.0	pos
6.0	0.0	0.75	1.0	NULL
6.75	1.0	6.0	1.0	pos
12.75	0.0	0.5	1.0	NULL
13.25	2.0	6.0	1.0	neg
19.25	0.0	0.5	1.0	NULL
19.75	2.0	6.0	1.0	neg
25.75	0.0	0.75	1.0	NULL
26.5	3.0	6.0	1.0	con
32.5	0.0	0.25	1.0	NULL
32.75	3.0	6.0	1.0	con
38.75	0.0	0.5	1.0	NULL
39.25	1.0	6.0	1.0	pos
45.25	0.0	0.25	1.0	NULL
45.5	1.0	6.0	1.0	pos
51.5	0.0	0.25	1.0	NULL
51.75	3.0	6.0	1.0	con
57.75	0.0	0.25	1.0	NULL
58.0	2.0	6.0	1.0	neg
64.0	0.0	0.25	1.0	NULL
64.25	3.0	6.0	1.0	con
70.25	0.0	0.75	1.0	NULL
71.0	3.0	6.0	1.0	con
77.0	0.0	0.75	1.0	NULL
77.75	1.0	6.0	1.0	pos
83.75	0.0	0.25	1.0	NULL
84.0	2.0	6.0	1.0	neg
90.0	0.0	0.0	1.0	NULL
90.0	3.0	6.0	1.0	con
96.0	0.0	0.25	1.0	NULL
96.25	1.0	6.0	1.0	pos
102.25	0.0	0.75	1.0	NULL
103.0	1.0	6.0	1.0	pos
109.0	0.0	0.25	1.0	NULL
109.25	1.0	6.0	1.0	pos
115.25	0.0	0.25	1.0	NULL
115.5	1.0	6.0	1.0	pos
121.5	0.0	0.25	1.0	NULL
121.75	3.0	6.0	1.0	con
127.75	0.0	0.25	1.0	NULL
128.0	1.0	6.0	1.0	pos
134.0	0.0	0.75	1.0	NULL
134.75	2.0	6.0	1.0	neg
140.75	0.0	0.25	1.0	NULL
141.0	1.0	6.0	1.0	pos
147.0	0.0	0.5	1.0	NULL
147.5	1.0	6.0	1.0	pos
153.5	0.0	0.25	1.0	NULL
153.75	3.0	6.0	1.0	con
159.75	0.0	0.25	1.0	NULL
160.0	1.0	6.0	1.0	pos
166.0	0.0	0.5	1.0	NULL
166.5	2.0	6.0	1.0	neg
172.5	0.0	0.5	1.0	NULL
173.0	1.0	6.0	1.0	pos
179.0	0.0	1.0	1.0	NULL
180.0	2.0	6.0	1.0	neg
186.0	0.0	0.5	1.0	NULL
186.5	1.0	6.0	1.0	pos
192.5	0.0	0.25	1.0	NULL
192.75	3.0	6.0	1.0	con
198.75	0.0	0.25	1.0	NULL
199.0	2.0	6.0	1.0	neg
215.0	0.0	1.5	1.0	NULL
216.5	1.0	6.0	1.0	pos
222.5	0.0	0.25	1.0	NULL
222.75	3.0	6.0	1.0	con
228.75	0.0	0.75	1.0	NULL
229.5	1.0	6.0	1.0	pos
235.5	0.0	0.5	1.0	NULL
236.0	1.0	6.0	1.0	pos
242.0	0.0	0.75	1.0	NULL
242.75	3.0	6.0	1.0	con
248.75	0.0	0.25	1.0	NULL
249.0	3.0	6.0	1.0	con
255.0	0.0	0.25	1.0	NULL
255.25	1.0	6.0	1.0	pos
261.25	0.0	0.75	1.0	NULL
262.0	1.0	6.0	1.0	pos
268.0	0.0	0.0	1.0	NULL
268.0	3.0	6.0	1.0	con
274.0	0.0	0.75	1.0	NULL
274.75	1.0	6.0	1.0	pos
280.75	0.0	0.5	1.0	NULL
281.25	1.0	6.0	1.0	pos
287.25	0.0	0.25	1.0	NULL
287.5	3.0	6.0	1.0	con
293.5	0.0	1.0	1.0	NULL
294.5	1.0	6.0	1.0	pos
300.5	0.0	2.0	1.0	NULL
302.5	1.0	6.0	1.0	pos
308.5	0.0	0.25	1.0	NULL
308.75	1.0	6.0	1.0	pos
314.75	0.0	0.25	1.0	NULL
315.0	1.0	6.0	1.0	pos
321.0	0.0	0.0	1.0	NULL
321.0	1.0	6.0	1.0	pos
327.0	0.0	0.5	1.0	NULL
327.5	2.0	6.0	1.0	neg
333.5	0.0	0.75	1.0	NULL
334.25	3.0	6.0	1.0	con
340.25	0.0	0.25	1.0	NULL
340.5	3.0	6.0	1.0	con
346.5	0.0	0.5	1.0	NULL
347.0	3.0	6.0	1.0	con
353.0	0.0	0.5	1.0	NULL
353.5	1.0	6.0	1.0	pos
359.5	0.0	1.0	1.0	NULL
360.5	2.0	6.0	1.0	neg
366.5	0.0	0.0	1.0	NULL
366.5	1.0	6.0	1.0	pos
372.5	0.0	0.0	1.0	NULL
372.5	1.0	6.0	1.0	pos
378.5	0.0	0.0	1.0	NULL
378.5	1.0	6.0	1.0	pos
384.5	0.0	0.25	1.0	NULL
384.75	1.0	6.0	1.0	pos
390.75	0.0	0.5	1.0	NULL
391.25	3.0	6.0	1.0	con
397.25	0.0	0.5	1.0	NULL
397.75	1.0	6.0	1.0	pos
403.75	0.0	0.25	1.0	NULL
404.0	2.0	6.0	1.0	neg
410.0	0.0	0.0	1.0	NULL
410.0	3.0	6.0	1.0	con
416.0	0.0	1.25	1.0	NULL
417.25	3.0	6.0	1.0	con
433.25	0.0	0.75	1.0	NULL
434.0	2.0	6.0	1.0	neg
440.0	0.0	0.25	1.0	NULL
440.25	2.0	6.0	1.0	neg
446.25	0.0	0.25	1.0	NULL
446.5	2.0	6.0	1.0	neg
452.5	0.0	0.5	1.0	NULL
453.0	1.0	6.0	1.0	pos
459.0	0.0	1.25	1.0	NULL
460.25	1.0	6.0	1.0	pos
466.25	0.0	1.0	1.0	NULL
467.25	1.0	6.0	1.0	pos
473.25	0.0	0.75	1.0	NULL
474.0	3.0	6.0	1.0	con
480.0	0.0	0.5	1.0	NULL
480.5	2.0	6.0	1.0	neg
486.5	0.0	0.25	1.0	NULL
486.75	2.0	6.0	1.0	neg
492.75	0.0	0.5	1.0	NULL
493.25	1.0	6.0	1.0	pos
499.25	0.0	0.25	1.0	NULL
499.5	2.0	6.0	1.0	neg
505.5	0.0	0.25	1.0	NULL
505.75	1.0	6.0	1.0	pos
511.75	0.0	0.25	1.0	NULL
512.0	2.0	6.0	1.0	neg
518.0	0.0	0.25	1.0	NULL
518.25	2.0	6.0	1.0	neg
524.25	0.0	0.25	1.0	NULL
524.5	1.0	6.0	1.0	pos
530.5	0.0	0.25	1.0	NULL
530.75	2.0	6.0	1.0	neg
536.75	0.0	0.5	1.0	NULL
537.25	3.0	6.0	1.0	con
543.25	0.0	0.25	1.0	NULL
543.5	2.0	6.0	1.0	neg
549.5	0.0	0.5	1.0	NULL
550.0	2.0	6.0	1.0	neg
556.0	0.0	1.75	1.0	NULL
557.75	1.0	6.0	1.0	pos
563.75	0.0	0.5	1.0	NULL
564.25	1.0	6.0	1.0	pos
570.25	0.0	0.75	1.0	NULL
571.0	1.0	6.0	1.0	pos
577.0	0.0	1.0	1.0	NULL
578.0	1.0	6.0	1.0	pos
584.0	0.0	0.25	1.0	NULL
584.25	2.0	6.0	1.0	neg
590.25	0.0	0.25	1.0	NULL
590.5	2.0	6.0	1.0	neg
596.5	0.0	0.75	1.0	NULL
597.25	1.0	6.0	1.0	pos
603.25	0.0	0.25	1.0	NULL
603.5	3.0	6.0	1.0	con
609.5	0.0	0.5	1.0	NULL
610.0	1.0	6.0	1.0	pos
616.0	0.0	0.25	1.0	NULL
616.25	1.0	6.0	1.0	pos
622.25	0.0	0.25	1.0	NULL
622.5	3.0	6.0	1.0	con
628.5	0.0	0.25	1.0	NULL
628.75	3.0	6.0	1.0	con
634.75	0.0	0.25	1.0	NULL
635.0	1.0	6.0	1.0	pos
