0.0	0.0	0.0	1.0	NULL
0.0	3.0	2.0	1.0	stop_congruent
2.0	0.0	0.298	1.0	NULL
2.298	2.0	2.0	1.0	go_incongruent
4.298	0.0	0.298	1.0	NULL
4.596	2.0	2.0	1.0	go_incongruent
6.596	0.0	0.298	1.0	NULL
6.894	4.0	2.0	1.0	stop_incongruent
8.894	0.0	0.298	1.0	NULL
9.192	1.0	2.0	1.0	go_congruent
11.192	0.0	0.596	1.0	NULL
11.788	2.0	2.0	1.0	go_incongruent
13.788	0.0	0.298	1.0	NULL
14.086	1.0	2.0	1.0	go_congruent
16.086	0.0	1.192	1.0	NULL
17.278	2.0	2.0	1.0	go_incongruent
19.278000000000002	0.0	0.298	1.0	NULL
19.576	4.0	2.0	1.0	stop_incongruent
21.576000000000008	0.0	1.49	1.0	NULL
23.066000000000006	3.0	2.0	1.0	stop_congruent
25.066000000000003	0.0	0.8939999999999999	1.0	NULL
25.96	4.0	2.0	1.0	stop_incongruent
27.96	0.0	0.0	1.0	NULL
27.96	1.0	2.0	1.0	go_congruent
29.96	0.0	0.596	1.0	NULL
30.556	1.0	2.0	1.0	go_congruent
32.556	0.0	0.298	1.0	NULL
32.854	2.0	2.0	1.0	go_incongruent
34.854000000000006	0.0	0.8939999999999999	1.0	NULL
35.748000000000005	2.0	2.0	1.0	go_incongruent
37.748000000000005	0.0	0.596	1.0	NULL
38.344	1.0	2.0	1.0	go_congruent
40.344	0.0	0.298	1.0	NULL
40.642	4.0	2.0	1.0	stop_incongruent
42.641999999999996	0.0	0.298	1.0	NULL
42.94	2.0	2.0	1.0	go_incongruent
44.940000000000005	0.0	0.596	1.0	NULL
45.536	3.0	2.0	1.0	stop_congruent
47.536000000000016	0.0	0.596	1.0	NULL
48.13200000000001	3.0	2.0	1.0	stop_congruent
50.132000000000005	0.0	0.8939999999999999	1.0	NULL
51.026	3.0	2.0	1.0	stop_congruent
53.02600000000001	0.0	0.298	1.0	NULL
53.32400000000001	4.0	2.0	1.0	stop_incongruent
55.32400000000001	0.0	0.0	1.0	NULL
55.32400000000001	3.0	2.0	1.0	stop_congruent
57.324000000000005	0.0	0.298	1.0	NULL
57.62200000000001	3.0	2.0	1.0	stop_congruent
59.62200000000001	0.0	0.298	1.0	NULL
59.92000000000001	2.0	2.0	1.0	go_incongruent
61.920000000000016	0.0	0.596	1.0	NULL
62.51600000000001	1.0	2.0	1.0	go_congruent
64.516	0.0	0.596	1.0	NULL
65.11200000000001	3.0	2.0	1.0	stop_congruent
67.11200000000001	0.0	0.298	1.0	NULL
67.41000000000001	1.0	2.0	1.0	go_congruent
69.41000000000001	0.0	0.596	1.0	NULL
70.00600000000001	3.0	2.0	1.0	stop_congruent
72.00600000000001	0.0	0.298	1.0	NULL
72.30400000000002	2.0	2.0	1.0	go_incongruent
74.30400000000002	0.0	0.298	1.0	NULL
74.60200000000002	4.0	2.0	1.0	stop_incongruent
76.60200000000002	0.0	0.298	1.0	NULL
76.90000000000002	2.0	2.0	1.0	go_incongruent
78.90000000000002	0.0	1.7879999999999998	1.0	NULL
80.68800000000002	1.0	2.0	1.0	go_congruent
82.68800000000002	0.0	0.298	1.0	NULL
82.98600000000002	1.0	2.0	1.0	go_congruent
84.98600000000002	0.0	0.298	1.0	NULL
85.28400000000002	3.0	2.0	1.0	stop_congruent
87.28400000000002	0.0	0.298	1.0	NULL
87.58200000000002	3.0	2.0	1.0	stop_congruent
89.58200000000002	0.0	0.298	1.0	NULL
89.88000000000002	1.0	2.0	1.0	go_congruent
91.88000000000004	0.0	1.192	1.0	NULL
93.07200000000003	2.0	2.0	1.0	go_incongruent
95.07200000000003	0.0	0.298	1.0	NULL
95.37000000000003	3.0	2.0	1.0	stop_congruent
97.37000000000003	0.0	0.8939999999999999	1.0	NULL
98.26400000000004	4.0	2.0	1.0	stop_incongruent
100.26400000000004	0.0	1.49	1.0	NULL
101.75400000000003	4.0	2.0	1.0	stop_incongruent
103.75400000000003	0.0	0.298	1.0	NULL
104.05200000000004	4.0	2.0	1.0	stop_incongruent
106.05200000000004	0.0	0.298	1.0	NULL
106.35000000000004	2.0	2.0	1.0	go_incongruent
108.35000000000004	0.0	0.596	1.0	NULL
108.94600000000004	4.0	2.0	1.0	stop_incongruent
110.94600000000004	0.0	0.298	1.0	NULL
111.24400000000004	4.0	2.0	1.0	stop_incongruent
113.24400000000004	0.0	0.298	1.0	NULL
113.54200000000004	3.0	2.0	1.0	stop_congruent
115.54200000000003	0.0	0.298	1.0	NULL
115.84000000000003	1.0	2.0	1.0	go_congruent
117.84000000000003	0.0	0.596	1.0	NULL
118.43600000000004	4.0	2.0	1.0	stop_incongruent
120.43600000000004	0.0	0.0	1.0	NULL
120.43600000000004	1.0	2.0	1.0	go_congruent
122.43600000000005	0.0	0.8939999999999999	1.0	NULL
123.33000000000006	4.0	2.0	1.0	stop_incongruent
125.33000000000006	0.0	0.298	1.0	NULL
125.62800000000006	3.0	2.0	1.0	stop_congruent
127.62800000000004	0.0	0.298	1.0	NULL
127.92600000000004	2.0	2.0	1.0	go_incongruent
129.92600000000004	0.0	0.298	1.0	NULL
130.22400000000005	3.0	2.0	1.0	stop_congruent
132.22400000000005	0.0	0.0	1.0	NULL
132.22400000000005	1.0	2.0	1.0	go_congruent
134.22400000000005	0.0	0.298	1.0	NULL
134.52200000000005	1.0	2.0	1.0	go_congruent
136.52200000000002	0.0	0.8939999999999999	1.0	NULL
137.41600000000003	4.0	2.0	1.0	stop_incongruent
139.41600000000005	0.0	0.596	1.0	NULL
140.01200000000006	4.0	2.0	1.0	stop_incongruent
142.01200000000006	0.0	0.8939999999999999	1.0	NULL
142.90600000000006	1.0	2.0	1.0	go_congruent
144.90600000000006	0.0	0.0	1.0	NULL
144.90600000000006	3.0	2.0	1.0	stop_congruent
146.90600000000006	0.0	0.298	1.0	NULL
147.20400000000006	4.0	2.0	1.0	stop_incongruent
159.2040000000001	0.0	0.596	1.0	NULL
159.8000000000001	2.0	2.0	1.0	go_incongruent
161.8000000000001	0.0	0.0	1.0	NULL
161.8000000000001	2.0	2.0	1.0	go_incongruent
163.8000000000001	0.0	0.0	1.0	NULL
163.8000000000001	2.0	2.0	1.0	go_incongruent
165.8000000000001	0.0	0.298	1.0	NULL
166.0980000000001	3.0	2.0	1.0	stop_congruent
168.0980000000001	0.0	0.8939999999999999	1.0	NULL
168.9920000000001	2.0	2.0	1.0	go_incongruent
170.9920000000001	0.0	0.298	1.0	NULL
171.2900000000001	2.0	2.0	1.0	go_incongruent
173.29000000000008	0.0	0.298	1.0	NULL
173.58800000000008	4.0	2.0	1.0	stop_incongruent
175.58800000000008	0.0	0.298	1.0	NULL
175.88600000000008	1.0	2.0	1.0	go_congruent
177.88600000000008	0.0	0.298	1.0	NULL
178.18400000000008	2.0	2.0	1.0	go_incongruent
180.18400000000008	0.0	0.596	1.0	NULL
180.7800000000001	1.0	2.0	1.0	go_congruent
182.7800000000001	0.0	0.0	1.0	NULL
182.7800000000001	2.0	2.0	1.0	go_incongruent
184.7800000000001	0.0	0.596	1.0	NULL
185.3760000000001	4.0	2.0	1.0	stop_incongruent
187.3760000000001	0.0	0.0	1.0	NULL
187.3760000000001	3.0	2.0	1.0	stop_congruent
189.37600000000006	0.0	0.298	1.0	NULL
189.67400000000006	4.0	2.0	1.0	stop_incongruent
191.67400000000006	0.0	1.192	1.0	NULL
192.86600000000007	1.0	2.0	1.0	go_congruent
194.86600000000007	0.0	0.0	1.0	NULL
194.86600000000007	1.0	2.0	1.0	go_congruent
196.86600000000007	0.0	0.8939999999999999	1.0	NULL
197.76000000000008	2.0	2.0	1.0	go_incongruent
199.76000000000008	0.0	0.596	1.0	NULL
200.35600000000008	2.0	2.0	1.0	go_incongruent
202.35600000000008	0.0	0.0	1.0	NULL
202.35600000000008	1.0	2.0	1.0	go_congruent
204.35600000000008	0.0	0.298	1.0	NULL
204.65400000000008	4.0	2.0	1.0	stop_incongruent
206.65400000000008	0.0	0.298	1.0	NULL
206.95200000000008	2.0	2.0	1.0	go_incongruent
208.95200000000008	0.0	0.8939999999999999	1.0	NULL
209.8460000000001	3.0	2.0	1.0	stop_congruent
211.84600000000006	0.0	0.8939999999999999	1.0	NULL
212.74000000000007	3.0	2.0	1.0	stop_congruent
214.7400000000001	0.0	1.192	1.0	NULL
215.9320000000001	3.0	2.0	1.0	stop_congruent
217.9320000000001	0.0	0.298	1.0	NULL
218.2300000000001	4.0	2.0	1.0	stop_incongruent
220.2300000000001	0.0	0.596	1.0	NULL
220.8260000000001	3.0	2.0	1.0	stop_congruent
222.8260000000001	0.0	0.298	1.0	NULL
223.1240000000001	3.0	2.0	1.0	stop_congruent
225.1240000000001	0.0	0.298	1.0	NULL
225.4220000000001	2.0	2.0	1.0	go_incongruent
227.4220000000001	0.0	0.298	1.0	NULL
227.7200000000001	1.0	2.0	1.0	go_congruent
229.7200000000001	0.0	0.596	1.0	NULL
230.31600000000012	3.0	2.0	1.0	stop_congruent
232.31600000000012	0.0	0.0	1.0	NULL
232.31600000000012	1.0	2.0	1.0	go_congruent
234.31600000000012	0.0	0.298	1.0	NULL
234.61400000000012	3.0	2.0	1.0	stop_congruent
236.61400000000012	0.0	0.298	1.0	NULL
236.91200000000012	2.0	2.0	1.0	go_incongruent
238.91200000000012	0.0	0.298	1.0	NULL
239.21000000000012	4.0	2.0	1.0	stop_incongruent
241.21000000000012	0.0	0.298	1.0	NULL
241.50800000000012	2.0	2.0	1.0	go_incongruent
243.50800000000015	0.0	0.596	1.0	NULL
244.10400000000016	1.0	2.0	1.0	go_congruent
246.10400000000016	0.0	0.596	1.0	NULL
246.70000000000016	1.0	2.0	1.0	go_congruent
248.70000000000016	0.0	0.596	1.0	NULL
249.29600000000016	3.0	2.0	1.0	stop_congruent
251.29600000000016	0.0	0.596	1.0	NULL
251.89200000000017	3.0	2.0	1.0	stop_congruent
253.89200000000017	0.0	0.0	1.0	NULL
253.89200000000017	1.0	2.0	1.0	go_congruent
255.89200000000017	0.0	0.298	1.0	NULL
256.19000000000017	2.0	2.0	1.0	go_incongruent
258.19000000000017	0.0	0.298	1.0	NULL
258.48800000000017	3.0	2.0	1.0	stop_congruent
260.48800000000017	0.0	0.0	1.0	NULL
260.48800000000017	4.0	2.0	1.0	stop_incongruent
262.48800000000017	0.0	0.0	1.0	NULL
262.48800000000017	4.0	2.0	1.0	stop_incongruent
264.48800000000017	0.0	0.596	1.0	NULL
265.0840000000002	4.0	2.0	1.0	stop_incongruent
267.0840000000002	0.0	2.086	1.0	NULL
269.1700000000002	2.0	2.0	1.0	go_incongruent
271.1700000000002	0.0	0.8939999999999999	1.0	NULL
272.0640000000002	4.0	2.0	1.0	stop_incongruent
274.0640000000002	0.0	0.298	1.0	NULL
274.3620000000002	4.0	2.0	1.0	stop_incongruent
276.3620000000002	0.0	0.298	1.0	NULL
276.6600000000002	3.0	2.0	1.0	stop_congruent
278.6600000000002	0.0	0.0	1.0	NULL
278.6600000000002	1.0	2.0	1.0	go_congruent
280.6600000000002	0.0	0.0	1.0	NULL
280.6600000000002	4.0	2.0	1.0	stop_incongruent
282.6600000000002	0.0	0.298	1.0	NULL
282.9580000000002	1.0	2.0	1.0	go_congruent
284.9580000000002	0.0	0.298	1.0	NULL
285.2560000000002	4.0	2.0	1.0	stop_incongruent
287.2560000000002	0.0	0.596	1.0	NULL
287.8520000000002	3.0	2.0	1.0	stop_congruent
289.8520000000002	0.0	0.596	1.0	NULL
290.4480000000002	2.0	2.0	1.0	go_incongruent
292.4480000000002	0.0	0.298	1.0	NULL
292.7460000000002	3.0	2.0	1.0	stop_congruent
294.7460000000002	0.0	0.298	1.0	NULL
295.0440000000002	1.0	2.0	1.0	go_congruent
297.0440000000002	0.0	0.596	1.0	NULL
297.6400000000002	1.0	2.0	1.0	go_congruent
299.6400000000002	0.0	0.298	1.0	NULL
299.9380000000002	4.0	2.0	1.0	stop_incongruent
301.9380000000002	0.0	0.298	1.0	NULL
302.2360000000002	4.0	2.0	1.0	stop_incongruent
314.23600000000016	0.0	0.596	1.0	NULL
314.83200000000016	1.0	2.0	1.0	go_congruent
316.83200000000016	0.0	0.596	1.0	NULL
317.42800000000017	3.0	2.0	1.0	stop_congruent
319.4280000000003	0.0	1.192	1.0	NULL
320.6200000000003	4.0	2.0	1.0	stop_incongruent
322.6200000000003	0.0	0.298	1.0	NULL
322.9180000000003	2.0	2.0	1.0	go_incongruent
324.9180000000003	0.0	0.0	1.0	NULL
324.9180000000003	2.0	2.0	1.0	go_incongruent
326.9180000000003	0.0	0.0	1.0	NULL
326.9180000000003	2.0	2.0	1.0	go_incongruent
328.9180000000003	0.0	0.0	1.0	NULL
328.9180000000003	3.0	2.0	1.0	stop_congruent
330.91800000000023	0.0	2.384	1.0	NULL
333.30200000000025	2.0	2.0	1.0	go_incongruent
335.30200000000025	0.0	0.298	1.0	NULL
335.60000000000025	2.0	2.0	1.0	go_incongruent
337.60000000000025	0.0	1.192	1.0	NULL
338.79200000000026	4.0	2.0	1.0	stop_incongruent
340.79200000000026	0.0	0.0	1.0	NULL
340.79200000000026	1.0	2.0	1.0	go_congruent
342.79200000000026	0.0	0.298	1.0	NULL
343.09000000000026	2.0	2.0	1.0	go_incongruent
345.0900000000002	0.0	0.0	1.0	NULL
345.0900000000002	1.0	2.0	1.0	go_congruent
347.0900000000002	0.0	0.298	1.0	NULL
347.3880000000002	2.0	2.0	1.0	go_incongruent
349.3880000000002	0.0	0.8939999999999999	1.0	NULL
350.2820000000002	4.0	2.0	1.0	stop_incongruent
352.2820000000002	0.0	0.298	1.0	NULL
352.5800000000002	3.0	2.0	1.0	stop_congruent
354.5800000000002	0.0	0.0	1.0	NULL
354.5800000000002	4.0	2.0	1.0	stop_incongruent
356.5800000000003	0.0	0.596	1.0	NULL
357.17600000000033	1.0	2.0	1.0	go_congruent
359.17600000000033	0.0	0.0	1.0	NULL
359.17600000000033	1.0	2.0	1.0	go_congruent
361.17600000000033	0.0	0.298	1.0	NULL
361.47400000000033	2.0	2.0	1.0	go_incongruent
363.47400000000033	0.0	0.298	1.0	NULL
363.77200000000033	2.0	2.0	1.0	go_incongruent
365.7720000000003	0.0	0.298	1.0	NULL
366.0700000000003	1.0	2.0	1.0	go_congruent
368.0700000000003	0.0	0.0	1.0	NULL
368.0700000000003	4.0	2.0	1.0	stop_incongruent
370.0700000000003	0.0	0.298	1.0	NULL
370.3680000000003	2.0	2.0	1.0	go_incongruent
372.3680000000003	0.0	0.596	1.0	NULL
372.9640000000003	3.0	2.0	1.0	stop_congruent
374.9640000000003	0.0	0.596	1.0	NULL
375.5600000000003	3.0	2.0	1.0	stop_congruent
377.5600000000003	0.0	0.298	1.0	NULL
377.8580000000003	3.0	2.0	1.0	stop_congruent
379.8580000000003	0.0	0.298	1.0	NULL
380.1560000000003	4.0	2.0	1.0	stop_incongruent
382.1560000000003	0.0	0.298	1.0	NULL
382.4540000000003	3.0	2.0	1.0	stop_congruent
384.4540000000003	0.0	0.8939999999999999	1.0	NULL
385.3480000000003	3.0	2.0	1.0	stop_congruent
387.3480000000003	0.0	0.596	1.0	NULL
387.9440000000003	2.0	2.0	1.0	go_incongruent
389.9440000000003	0.0	0.596	1.0	NULL
390.5400000000003	1.0	2.0	1.0	go_congruent
392.5400000000003	0.0	0.298	1.0	NULL
392.8380000000003	3.0	2.0	1.0	stop_congruent
394.8380000000003	0.0	1.192	1.0	NULL
396.0300000000003	1.0	2.0	1.0	go_congruent
398.0300000000003	0.0	0.596	1.0	NULL
398.6260000000003	3.0	2.0	1.0	stop_congruent
400.6260000000003	0.0	0.596	1.0	NULL
401.2220000000003	2.0	2.0	1.0	go_incongruent
403.2220000000003	0.0	0.596	1.0	NULL
403.8180000000003	4.0	2.0	1.0	stop_incongruent
405.8180000000003	0.0	0.298	1.0	NULL
406.1160000000003	2.0	2.0	1.0	go_incongruent
408.1160000000003	0.0	0.298	1.0	NULL
408.4140000000003	1.0	2.0	1.0	go_congruent
410.4140000000003	0.0	0.596	1.0	NULL
411.01000000000033	1.0	2.0	1.0	go_congruent
413.0100000000003	0.0	0.298	1.0	NULL
413.3080000000003	3.0	2.0	1.0	stop_congruent
415.3080000000003	0.0	0.298	1.0	NULL
415.6060000000003	3.0	2.0	1.0	stop_congruent
417.6060000000003	0.0	0.0	1.0	NULL
417.6060000000003	1.0	2.0	1.0	go_congruent
419.6060000000003	0.0	0.0	1.0	NULL
419.6060000000003	2.0	2.0	1.0	go_incongruent
421.6060000000003	0.0	0.298	1.0	NULL
421.9040000000003	3.0	2.0	1.0	stop_congruent
423.9040000000003	0.0	0.8939999999999999	1.0	NULL
424.7980000000003	4.0	2.0	1.0	stop_incongruent
426.7980000000003	0.0	0.0	1.0	NULL
426.7980000000003	4.0	2.0	1.0	stop_incongruent
428.7980000000004	0.0	0.8939999999999999	1.0	NULL
429.6920000000004	4.0	2.0	1.0	stop_incongruent
431.6920000000004	0.0	0.596	1.0	NULL
432.2880000000004	2.0	2.0	1.0	go_incongruent
434.28800000000035	0.0	0.596	1.0	NULL
434.88400000000036	4.0	2.0	1.0	stop_incongruent
436.88400000000036	0.0	0.0	1.0	NULL
436.88400000000036	4.0	2.0	1.0	stop_incongruent
438.88400000000036	0.0	0.596	1.0	NULL
439.48000000000036	3.0	2.0	1.0	stop_congruent
441.48000000000036	0.0	0.298	1.0	NULL
441.77800000000036	1.0	2.0	1.0	go_congruent
443.77800000000036	0.0	0.298	1.0	NULL
444.07600000000036	4.0	2.0	1.0	stop_incongruent
446.07600000000036	0.0	0.8939999999999999	1.0	NULL
446.97000000000037	1.0	2.0	1.0	go_congruent
448.97000000000037	0.0	0.596	1.0	NULL
449.5660000000004	4.0	2.0	1.0	stop_incongruent
451.5660000000004	0.0	1.7879999999999998	1.0	NULL
453.3540000000004	3.0	2.0	1.0	stop_congruent
455.3540000000004	0.0	0.0	1.0	NULL
455.3540000000004	2.0	2.0	1.0	go_incongruent
457.3540000000004	0.0	0.298	1.0	NULL
457.6520000000004	3.0	2.0	1.0	stop_congruent
459.6520000000004	0.0	0.298	1.0	NULL
459.9500000000004	1.0	2.0	1.0	go_congruent
471.9500000000004	0.0	0.298	1.0	NULL
472.2480000000004	1.0	2.0	1.0	go_congruent
474.2480000000004	0.0	0.298	1.0	NULL
474.5460000000004	4.0	2.0	1.0	stop_incongruent
476.5460000000004	0.0	0.298	1.0	NULL
476.8440000000004	4.0	2.0	1.0	stop_incongruent
478.8440000000004	0.0	0.596	1.0	NULL
479.4400000000004	1.0	2.0	1.0	go_congruent
481.4400000000004	0.0	0.596	1.0	NULL
482.0360000000004	3.0	2.0	1.0	stop_congruent
484.0360000000004	0.0	0.596	1.0	NULL
484.6320000000004	4.0	2.0	1.0	stop_incongruent
486.6320000000004	0.0	0.298	1.0	NULL
486.9300000000004	2.0	2.0	1.0	go_incongruent
488.9300000000004	0.0	0.298	1.0	NULL
489.2280000000004	2.0	2.0	1.0	go_incongruent
491.2280000000004	0.0	0.0	1.0	NULL
491.2280000000004	2.0	2.0	1.0	go_incongruent
493.2280000000004	0.0	0.0	1.0	NULL
493.2280000000004	3.0	2.0	1.0	stop_congruent
495.2280000000004	0.0	0.298	1.0	NULL
495.5260000000004	2.0	2.0	1.0	go_incongruent
497.52600000000035	0.0	0.298	1.0	NULL
497.82400000000035	2.0	2.0	1.0	go_incongruent
499.82400000000035	0.0	0.298	1.0	NULL
500.12200000000036	4.0	2.0	1.0	stop_incongruent
502.12200000000036	0.0	0.0	1.0	NULL
502.12200000000036	1.0	2.0	1.0	go_congruent
504.12200000000036	0.0	0.0	1.0	NULL
504.12200000000036	2.0	2.0	1.0	go_incongruent
506.12200000000036	0.0	0.596	1.0	NULL
506.71800000000036	1.0	2.0	1.0	go_congruent
508.71800000000036	0.0	0.298	1.0	NULL
509.01600000000036	2.0	2.0	1.0	go_incongruent
511.01600000000036	0.0	0.596	1.0	NULL
511.61200000000036	4.0	2.0	1.0	stop_incongruent
513.6120000000004	0.0	0.0	1.0	NULL
513.6120000000004	3.0	2.0	1.0	stop_congruent
515.6120000000004	0.0	0.298	1.0	NULL
515.9100000000004	4.0	2.0	1.0	stop_incongruent
517.9100000000004	0.0	0.596	1.0	NULL
518.5060000000004	1.0	2.0	1.0	go_congruent
520.5060000000004	0.0	0.298	1.0	NULL
520.8040000000004	1.0	2.0	1.0	go_congruent
522.8040000000004	0.0	0.298	1.0	NULL
523.1020000000004	2.0	2.0	1.0	go_incongruent
525.1020000000004	0.0	0.298	1.0	NULL
525.4000000000004	2.0	2.0	1.0	go_incongruent
527.4000000000004	0.0	0.298	1.0	NULL
527.6980000000004	1.0	2.0	1.0	go_congruent
529.6980000000003	0.0	1.49	1.0	NULL
531.1880000000003	4.0	2.0	1.0	stop_incongruent
533.1880000000003	0.0	0.0	1.0	NULL
533.1880000000003	2.0	2.0	1.0	go_incongruent
535.1880000000003	0.0	0.596	1.0	NULL
535.7840000000003	3.0	2.0	1.0	stop_congruent
537.7840000000003	0.0	0.298	1.0	NULL
538.0820000000003	3.0	2.0	1.0	stop_congruent
540.0820000000006	0.0	0.596	1.0	NULL
540.6780000000006	3.0	2.0	1.0	stop_congruent
542.6780000000006	0.0	0.596	1.0	NULL
543.2740000000006	4.0	2.0	1.0	stop_incongruent
545.2740000000006	0.0	0.298	1.0	NULL
545.5720000000006	3.0	2.0	1.0	stop_congruent
547.5720000000006	0.0	0.0	1.0	NULL
547.5720000000006	3.0	2.0	1.0	stop_congruent
549.5720000000006	0.0	1.192	1.0	NULL
550.7640000000006	2.0	2.0	1.0	go_incongruent
552.7640000000006	0.0	0.596	1.0	NULL
553.3600000000006	1.0	2.0	1.0	go_congruent
555.3600000000006	0.0	0.8939999999999999	1.0	NULL
556.2540000000006	3.0	2.0	1.0	stop_congruent
558.2540000000005	0.0	0.596	1.0	NULL
558.8500000000005	1.0	2.0	1.0	go_congruent
560.8500000000005	0.0	0.298	1.0	NULL
561.1480000000005	3.0	2.0	1.0	stop_congruent
563.1480000000005	0.0	0.596	1.0	NULL
563.7440000000005	2.0	2.0	1.0	go_incongruent
565.7440000000005	0.0	0.298	1.0	NULL
566.0420000000005	4.0	2.0	1.0	stop_incongruent
568.0420000000005	0.0	0.298	1.0	NULL
568.3400000000005	2.0	2.0	1.0	go_incongruent
570.3400000000005	0.0	0.298	1.0	NULL
570.6380000000005	1.0	2.0	1.0	go_congruent
572.6380000000005	0.0	0.298	1.0	NULL
572.9360000000005	1.0	2.0	1.0	go_congruent
574.9360000000005	0.0	0.298	1.0	NULL
575.2340000000005	3.0	2.0	1.0	stop_congruent
577.2340000000005	0.0	0.0	1.0	NULL
577.2340000000005	3.0	2.0	1.0	stop_congruent
579.2340000000005	0.0	0.596	1.0	NULL
579.8300000000005	1.0	2.0	1.0	go_congruent
581.8300000000005	0.0	0.596	1.0	NULL
582.4260000000005	2.0	2.0	1.0	go_incongruent
584.4260000000005	0.0	0.596	1.0	NULL
585.0220000000005	3.0	2.0	1.0	stop_congruent
587.0220000000005	0.0	0.298	1.0	NULL
587.3200000000005	4.0	2.0	1.0	stop_incongruent
589.3200000000005	0.0	0.596	1.0	NULL
589.9160000000005	4.0	2.0	1.0	stop_incongruent
591.9160000000005	0.0	0.596	1.0	NULL
592.5120000000005	4.0	2.0	1.0	stop_incongruent
594.5120000000005	0.0	0.0	1.0	NULL
594.5120000000005	2.0	2.0	1.0	go_incongruent
596.5120000000005	0.0	0.298	1.0	NULL
596.8100000000005	4.0	2.0	1.0	stop_incongruent
598.8100000000005	0.0	0.298	1.0	NULL
599.1080000000005	4.0	2.0	1.0	stop_incongruent
601.1080000000005	0.0	0.0	1.0	NULL
601.1080000000005	3.0	2.0	1.0	stop_congruent
603.1080000000005	0.0	0.596	1.0	NULL
603.7040000000005	1.0	2.0	1.0	go_congruent
605.7040000000005	0.0	0.298	1.0	NULL
606.0020000000005	4.0	2.0	1.0	stop_incongruent
608.0020000000005	0.0	0.298	1.0	NULL
608.3000000000005	1.0	2.0	1.0	go_congruent
610.3000000000005	0.0	0.298	1.0	NULL
610.5980000000005	4.0	2.0	1.0	stop_incongruent
612.5980000000005	0.0	0.8939999999999999	1.0	NULL
613.4920000000005	3.0	2.0	1.0	stop_congruent
