6.894
11.49
23.576
25.576
27.874000000000002
32.768
41.96
43.96
48.556000000000004
58.04600000000001
60.34400000000001
62.94000000000001
65.83400000000002
68.13200000000002
75.32400000000003
81.92000000000003
88.00600000000003
97.49600000000004
102.39000000000004
104.39000000000004
106.39000000000004
108.39000000000004
110.98600000000005
113.58200000000005
118.77400000000006
123.66800000000006
126.56200000000007
133.75400000000008
136.64800000000008
156.1380000000001
161.3300000000001
167.1180000000001
169.4160000000001
184.39600000000013
187.88600000000014
193.67400000000015
198.27000000000015
201.16400000000016
210.95200000000017
213.25000000000017
221.03800000000018
223.63400000000019
230.2300000000002
232.8260000000002
240.6140000000002
245.5080000000002
253.29600000000022
264.4880000000002
269.38200000000023
281.17000000000024
295.04400000000027
317.1300000000003
319.7260000000003
322.3220000000003
324.3220000000003
328.9180000000003
333.5140000000003
336.1100000000003
341.8980000000003
348.7920000000003
354.2820000000003
359.77200000000033
362.07000000000033
364.66600000000034
371.26200000000034
373.56000000000034
378.15600000000035
385.05000000000035
389.64600000000036
397.13600000000037
399.43400000000037
401.73200000000037
414.1160000000004
417.0100000000004
419.9040000000004
422.2020000000004
424.5000000000004
431.3940000000004
439.1820000000004
446.6720000000004
459.35400000000044
476.54600000000045
483.73800000000045
486.33400000000046
505.3140000000005
507.3140000000005
509.9100000000005
512.8040000000004
525.4860000000004
530.3800000000005
557.7440000000005
560.0420000000005
565.2340000000005
572.1280000000005
576.4260000000005
586.2140000000005
588.8100000000005
602.5980000000005
608.8960000000005
611.1940000000005
613.7900000000005
626.0880000000005
647.6640000000006
656.8560000000006
675.3260000000006
682.5180000000006
685.7100000000006
688.0080000000006
692.9020000000006
697.4980000000006
704.3920000000006
706.9880000000006
709.5840000000006
711.5840000000006
721.6700000000006
726.5640000000006
745.0340000000007
747.3320000000007
749.6300000000007
758.0140000000007
760.3120000000007
762.3120000000007
767.2060000000007
