0.0
23.066000000000003
45.536
48.132000000000005
51.026
55.324000000000005
57.62200000000001
65.11200000000001
70.00600000000001
85.28400000000002
87.58200000000002
95.37000000000003
113.54200000000004
125.62800000000006
130.22400000000005
144.90600000000006
166.09800000000007
187.3760000000001
209.84600000000012
212.74000000000012
215.93200000000013
220.82600000000014
223.12400000000014
230.31600000000014
234.61400000000015
249.29600000000016
251.89200000000017
258.48800000000017
276.6600000000002
287.8520000000002
292.7460000000002
317.4280000000002
328.91800000000023
352.58000000000027
372.9640000000003
375.5600000000003
377.8580000000003
382.4540000000003
385.3480000000003
392.8380000000003
398.6260000000003
413.30800000000033
415.60600000000034
421.90400000000034
439.48000000000036
453.3540000000004
457.6520000000004
482.0360000000004
493.2280000000004
513.6120000000004
535.7840000000004
538.0820000000004
540.6780000000005
545.5720000000005
547.5720000000005
556.2540000000005
561.1480000000005
575.2340000000005
577.2340000000005
585.0220000000005
601.1080000000005
613.4920000000005
