2.298
4.596
11.788
17.278
32.854
35.748
42.94
59.92000000000001
72.30400000000002
76.90000000000002
93.07200000000003
106.35000000000004
127.92600000000004
159.80000000000007
161.80000000000007
163.80000000000007
168.99200000000008
171.29000000000008
178.18400000000008
182.7800000000001
197.7600000000001
200.3560000000001
206.9520000000001
225.42200000000014
236.91200000000015
241.50800000000015
256.19000000000017
269.1700000000002
290.4480000000002
322.91800000000023
324.91800000000023
326.91800000000023
333.30200000000025
335.60000000000025
343.09000000000026
347.38800000000026
361.4740000000003
363.7720000000003
370.3680000000003
387.9440000000003
401.2220000000003
406.1160000000003
419.60600000000034
432.28800000000035
455.3540000000004
486.9300000000004
489.2280000000004
491.2280000000004
495.5260000000004
497.8240000000004
504.1220000000004
509.0160000000004
523.1020000000004
525.4000000000004
533.1880000000004
550.7640000000005
563.7440000000005
568.3400000000005
582.4260000000005
594.5120000000005
