6.894
19.576
25.96
40.641999999999996
53.324000000000005
74.60200000000002
98.26400000000004
101.75400000000003
104.05200000000004
108.94600000000004
111.24400000000004
118.43600000000005
123.33000000000006
137.41600000000005
140.01200000000006
147.20400000000006
173.58800000000008
185.3760000000001
189.6740000000001
204.6540000000001
218.23000000000013
239.21000000000015
260.48800000000017
262.48800000000017
265.0840000000002
272.0640000000002
274.3620000000002
280.6600000000002
285.2560000000002
299.9380000000002
302.2360000000002
320.62000000000023
338.79200000000026
350.28200000000027
354.58000000000027
368.0700000000003
380.1560000000003
403.8180000000003
424.79800000000034
426.79800000000034
429.69200000000035
434.88400000000036
436.88400000000036
444.07600000000036
449.5660000000004
474.5460000000004
476.8440000000004
484.6320000000004
500.1220000000004
511.6120000000004
515.9100000000004
531.1880000000004
543.2740000000005
566.0420000000005
587.3200000000005
589.9160000000005
592.5120000000005
596.8100000000005
599.1080000000005
606.0020000000005
610.5980000000005
