0.0
10.0
19.0
23.25
31.25
33.5
42.0
47.5
50.0
52.5
55.0
57.5
59.75
63.0
65.75
80.75
83.25
85.75
91.0
96.25
105.75
112.5
114.75
119.0
129.5
132.0
139.0
149.25
151.5
158.25
177.25
190.75
195.0
206.75
209.0
214.75
217.0
231.0
238.75
241.5
244.75
249.25
261.75
264.0
275.75
278.0
291.0
293.25
298.25
303.25
305.5
308.75
311.25
327.0
329.25
334.0
351.5
358.0
367.5
376.75
388.5
391.0
402.5
407.5
410.5
412.5
414.75
417.0
419.5
421.75
432.0
434.75
437.0
441.5
443.75
446.0
450.75
453.0
458.0
467.75
470.5
477.5
484.75
493.75
498.5
519.75
522.0
526.0
528.25
530.25
532.75
535.25
537.75
540.0
548.25
551.5
556.0
560.5
565.5
568.25
572.75
578.5
580.75
582.75
596.5
598.75
601.0
610.5
615.5
618.0
623.25
627.75
639.5
641.75
650.75
659.25
661.25
672.75
