0.0
2.25
4.5
6.75
9.0
14.75
22.25
24.5
30.0
35.5
40.75
43.25
45.5
48.0
50.25
55.0
60.75
63.0
65.5
70.75
73.0
75.25
77.75
80.0
90.25
92.5
94.75
97.0
99.25
101.75
106.75
112.25
114.5
119.5
122.0
124.25
126.5
128.75
131.0
137.25
139.75
142.0
144.0
148.75
151.25
153.5
155.75
158.0
163.25
165.75
171.75
174.25
189.25
191.75
194.0
201.75
207.25
212.25
217.25
219.5
221.75
223.75
225.75
228.0
233.5
236.0
241.25
243.5
251.75
254.0
259.0
261.25
266.0
268.25
270.75
273.0
275.25
280.25
284.75
289.75
298.5
303.75
305.75
308.25
313.25
315.75
318.0
320.25
322.5
330.75
333.25
338.0
343.75
346.0
348.25
350.5
352.5
355.0
365.75
378.25
383.75
386.0
388.5
390.75
396.0
398.5
400.75
402.75
408.0
410.25
412.75
415.0
417.25
419.25
424.75
427.0
429.0
431.5
433.75
436.0
444.0
446.5
448.75
465.0
470.25
472.75
477.5
480.0
482.25
487.0
489.25
491.5
493.5
499.0
504.5
506.75
509.0
511.25
516.25
518.25
520.5
522.75
533.5
536.0
538.25
546.25
548.5
553.5
