0.0	0.0	0.0	1.0	NULL
0.0	3.0	2.5	1.0	td_na
2.5	0.0	0.0	1.0	NULL
2.5	1.0	2.5	1.0	td_same
5.0	0.0	1.5	1.0	NULL
6.5	2.0	2.5	1.0	td_diff
9.0	0.0	0.75	1.0	NULL
9.75	1.0	2.5	1.0	td_same
12.25	0.0	0.25	1.0	NULL
12.5	2.0	2.5	1.0	td_diff
15.0	0.0	0.25	1.0	NULL
15.25	3.0	2.5	1.0	td_na
17.75	0.0	0.75	1.0	NULL
18.5	3.0	2.5	1.0	td_na
21.0	0.0	0.5	1.0	NULL
21.5	2.0	2.5	1.0	td_diff
24.0	0.0	0.25	1.0	NULL
24.25	3.0	2.5	1.0	td_na
26.75	0.0	0.25	1.0	NULL
27.0	2.0	2.5	1.0	td_diff
29.5	0.0	0.5	1.0	NULL
30.0	2.0	2.5	1.0	td_diff
32.5	0.0	0.0	1.0	NULL
32.5	1.0	2.5	1.0	td_same
35.0	0.0	2.0	1.0	NULL
37.0	3.0	2.5	1.0	td_na
39.5	0.0	0.25	1.0	NULL
39.75	2.0	2.5	1.0	td_diff
42.25	0.0	0.25	1.0	NULL
42.5	3.0	2.5	1.0	td_na
45.0	0.0	0.0	1.0	NULL
45.0	2.0	2.5	1.0	td_diff
47.5	0.0	1.25	1.0	NULL
48.75	1.0	2.5	1.0	td_same
51.25	0.0	0.25	1.0	NULL
51.5	2.0	2.5	1.0	td_diff
54.0	0.0	0.25	1.0	NULL
54.25	3.0	2.5	1.0	td_na
56.75	0.0	0.25	1.0	NULL
57.0	1.0	2.5	1.0	td_same
59.5	0.0	0.5	1.0	NULL
60.0	2.0	2.5	1.0	td_diff
62.5	0.0	1.25	1.0	NULL
63.75	1.0	2.5	1.0	td_same
66.25	0.0	0.25	1.0	NULL
66.5	3.0	2.5	1.0	td_na
69.0	0.0	2.25	1.0	NULL
71.25	1.0	2.5	1.0	td_same
73.75	0.0	0.25	1.0	NULL
74.0	2.0	2.5	1.0	td_diff
76.5	0.0	0.25	1.0	NULL
76.75	2.0	2.5	1.0	td_diff
79.25	0.0	0.25	1.0	NULL
79.5	3.0	2.5	1.0	td_na
82.0	0.0	1.75	1.0	NULL
83.75	2.0	2.5	1.0	td_diff
86.25	0.0	0.5	1.0	NULL
86.75	2.0	2.5	1.0	td_diff
89.25	0.0	0.25	1.0	NULL
89.5	3.0	2.5	1.0	td_na
92.0	0.0	1.25	1.0	NULL
93.25	2.0	2.5	1.0	td_diff
95.75	0.0	0.25	1.0	NULL
96.0	1.0	2.5	1.0	td_same
98.5	0.0	0.25	1.0	NULL
98.75	2.0	2.5	1.0	td_diff
101.25	0.0	0.25	1.0	NULL
101.5	3.0	2.5	1.0	td_na
104.0	0.0	0.75	1.0	NULL
104.75	1.0	2.5	1.0	td_same
107.25	0.0	0.75	1.0	NULL
108.0	1.0	2.5	1.0	td_same
110.5	0.0	0.25	1.0	NULL
110.75	2.0	2.5	1.0	td_diff
113.25	0.0	0.0	1.0	NULL
113.25	1.0	2.5	1.0	td_same
115.75	0.0	1.25	1.0	NULL
117.0	2.0	2.5	1.0	td_diff
119.5	0.0	0.25	1.0	NULL
119.75	1.0	2.5	1.0	td_same
122.25	0.0	0.5	1.0	NULL
122.75	2.0	2.5	1.0	td_diff
125.25	0.0	1.25	1.0	NULL
126.5	2.0	2.5	1.0	td_diff
129.0	0.0	0.25	1.0	NULL
129.25	2.0	2.5	1.0	td_diff
131.75	0.0	0.25	1.0	NULL
132.0	3.0	2.5	1.0	td_na
134.5	0.0	0.25	1.0	NULL
134.75	3.0	2.5	1.0	td_na
137.25	0.0	0.5	1.0	NULL
137.75	1.0	2.5	1.0	td_same
140.25	0.0	0.25	1.0	NULL
140.5	1.0	2.5	1.0	td_same
143.0	0.0	0.75	1.0	NULL
143.75	1.0	2.5	1.0	td_same
146.25	0.0	0.5	1.0	NULL
146.75	2.0	2.5	1.0	td_diff
149.25	0.0	0.5	1.0	NULL
149.75	1.0	2.5	1.0	td_same
152.25	0.0	0.25	1.0	NULL
152.5	1.0	2.5	1.0	td_same
155.0	0.0	0.25	1.0	NULL
155.25	1.0	2.5	1.0	td_same
157.75	0.0	0.0	1.0	NULL
157.75	2.0	2.5	1.0	td_diff
160.25	0.0	0.5	1.0	NULL
160.75	2.0	2.5	1.0	td_diff
163.25	0.0	0.5	1.0	NULL
163.75	2.0	2.5	1.0	td_diff
166.25	0.0	0.0	1.0	NULL
166.25	3.0	2.5	1.0	td_na
178.75	0.0	0.75	1.0	NULL
179.5	1.0	2.5	1.0	td_same
182.0	0.0	0.0	1.0	NULL
182.0	2.0	2.5	1.0	td_diff
184.5	0.0	0.25	1.0	NULL
184.75	2.0	2.5	1.0	td_diff
187.25	0.0	0.25	1.0	NULL
187.5	2.0	2.5	1.0	td_diff
190.0	0.0	0.5	1.0	NULL
190.5	2.0	2.5	1.0	td_diff
193.0	0.0	1.75	1.0	NULL
194.75	3.0	2.5	1.0	td_na
197.25	0.0	0.75	1.0	NULL
198.0	2.0	2.5	1.0	td_diff
200.5	0.0	0.25	1.0	NULL
200.75	2.0	2.5	1.0	td_diff
203.25	0.0	0.25	1.0	NULL
203.5	3.0	2.5	1.0	td_na
206.0	0.0	1.0	1.0	NULL
207.0	1.0	2.5	1.0	td_same
209.5	0.0	0.5	1.0	NULL
210.0	2.0	2.5	1.0	td_diff
212.5	0.0	0.25	1.0	NULL
212.75	3.0	2.5	1.0	td_na
215.25	0.0	1.5	1.0	NULL
216.75	1.0	2.5	1.0	td_same
219.25	0.0	0.25	1.0	NULL
219.5	3.0	2.5	1.0	td_na
222.0	0.0	0.25	1.0	NULL
222.25	1.0	2.5	1.0	td_same
224.75	0.0	0.25	1.0	NULL
225.0	1.0	2.5	1.0	td_same
227.5	0.0	0.25	1.0	NULL
227.75	1.0	2.5	1.0	td_same
230.25	0.0	0.0	1.0	NULL
230.25	3.0	2.5	1.0	td_na
232.75	0.0	0.5	1.0	NULL
233.25	2.0	2.5	1.0	td_diff
235.75	0.0	0.25	1.0	NULL
236.0	2.0	2.5	1.0	td_diff
238.5	0.0	0.5	1.0	NULL
239.0	2.0	2.5	1.0	td_diff
241.5	0.0	0.25	1.0	NULL
241.75	3.0	2.5	1.0	td_na
244.25	0.0	0.5	1.0	NULL
244.75	3.0	2.5	1.0	td_na
247.25	0.0	1.0	1.0	NULL
248.25	2.0	2.5	1.0	td_diff
250.75	0.0	1.0	1.0	NULL
251.75	1.0	2.5	1.0	td_same
254.25	0.0	0.75	1.0	NULL
255.0	3.0	2.5	1.0	td_na
257.5	0.0	0.25	1.0	NULL
257.75	1.0	2.5	1.0	td_same
260.25	0.0	0.25	1.0	NULL
260.5	3.0	2.5	1.0	td_na
263.0	0.0	1.5	1.0	NULL
264.5	3.0	2.5	1.0	td_na
267.0	0.0	0.75	1.0	NULL
267.75	3.0	2.5	1.0	td_na
270.25	0.0	0.5	1.0	NULL
270.75	2.0	2.5	1.0	td_diff
273.25	0.0	0.5	1.0	NULL
273.75	2.0	2.5	1.0	td_diff
276.25	0.0	0.25	1.0	NULL
276.5	2.0	2.5	1.0	td_diff
279.0	0.0	0.5	1.0	NULL
279.5	2.0	2.5	1.0	td_diff
282.0	0.0	0.5	1.0	NULL
282.5	3.0	2.5	1.0	td_na
285.0	0.0	0.5	1.0	NULL
285.5	3.0	2.5	1.0	td_na
288.0	0.0	0.25	1.0	NULL
288.25	3.0	2.5	1.0	td_na
290.75	0.0	0.25	1.0	NULL
291.0	2.0	2.5	1.0	td_diff
293.5	0.0	0.5	1.0	NULL
294.0	3.0	2.5	1.0	td_na
296.5	0.0	0.5	1.0	NULL
297.0	3.0	2.5	1.0	td_na
299.5	0.0	0.5	1.0	NULL
300.0	1.0	2.5	1.0	td_same
302.5	0.0	0.25	1.0	NULL
302.75	1.0	2.5	1.0	td_same
305.25	0.0	0.5	1.0	NULL
305.75	1.0	2.5	1.0	td_same
308.25	0.0	0.25	1.0	NULL
308.5	3.0	2.5	1.0	td_na
311.0	0.0	0.5	1.0	NULL
311.5	2.0	2.5	1.0	td_diff
314.0	0.0	0.25	1.0	NULL
314.25	2.0	2.5	1.0	td_diff
316.75	0.0	0.25	1.0	NULL
317.0	1.0	2.5	1.0	td_same
319.5	0.0	0.25	1.0	NULL
319.75	3.0	2.5	1.0	td_na
322.25	0.0	0.5	1.0	NULL
322.75	1.0	2.5	1.0	td_same
325.25	0.0	1.0	1.0	NULL
326.25	1.0	2.5	1.0	td_same
328.75	0.0	0.5	1.0	NULL
329.25	1.0	2.5	1.0	td_same
331.75	0.0	0.25	1.0	NULL
332.0	1.0	2.5	1.0	td_same
334.5	0.0	0.25	1.0	NULL
334.75	2.0	2.5	1.0	td_diff
337.25	0.0	0.25	1.0	NULL
337.5	3.0	2.5	1.0	td_na
340.0	0.0	0.25	1.0	NULL
340.25	3.0	2.5	1.0	td_na
342.75	0.0	0.5	1.0	NULL
343.25	1.0	2.5	1.0	td_same
355.75	0.0	0.75	1.0	NULL
356.5	2.0	2.5	1.0	td_diff
359.0	0.0	0.25	1.0	NULL
359.25	2.0	2.5	1.0	td_diff
361.75	0.0	0.25	1.0	NULL
362.0	1.0	2.5	1.0	td_same
364.5	0.0	0.25	1.0	NULL
364.75	3.0	2.5	1.0	td_na
367.25	0.0	0.75	1.0	NULL
368.0	2.0	2.5	1.0	td_diff
370.5	0.0	0.75	1.0	NULL
371.25	2.0	2.5	1.0	td_diff
373.75	0.0	0.5	1.0	NULL
374.25	2.0	2.5	1.0	td_diff
376.75	0.0	0.75	1.0	NULL
377.5	2.0	2.5	1.0	td_diff
380.0	0.0	1.25	1.0	NULL
381.25	3.0	2.5	1.0	td_na
383.75	0.0	1.0	1.0	NULL
384.75	2.0	2.5	1.0	td_diff
387.25	0.0	0.5	1.0	NULL
387.75	2.0	2.5	1.0	td_diff
390.25	0.0	0.5	1.0	NULL
390.75	3.0	2.5	1.0	td_na
393.25	0.0	0.5	1.0	NULL
393.75	2.0	2.5	1.0	td_diff
396.25	0.0	0.25	1.0	NULL
396.5	3.0	2.5	1.0	td_na
399.0	0.0	0.25	1.0	NULL
399.25	2.0	2.5	1.0	td_diff
401.75	0.0	0.25	1.0	NULL
402.0	2.0	2.5	1.0	td_diff
404.5	0.0	0.25	1.0	NULL
404.75	3.0	2.5	1.0	td_na
407.25	0.0	0.25	1.0	NULL
407.5	1.0	2.5	1.0	td_same
410.0	0.0	0.25	1.0	NULL
410.25	1.0	2.5	1.0	td_same
412.75	0.0	0.25	1.0	NULL
413.0	2.0	2.5	1.0	td_diff
415.5	0.0	0.5	1.0	NULL
416.0	2.0	2.5	1.0	td_diff
418.5	0.0	0.25	1.0	NULL
418.75	3.0	2.5	1.0	td_na
421.25	0.0	0.5	1.0	NULL
421.75	3.0	2.5	1.0	td_na
424.25	0.0	0.5	1.0	NULL
424.75	2.0	2.5	1.0	td_diff
427.25	0.0	0.25	1.0	NULL
427.5	2.0	2.5	1.0	td_diff
430.0	0.0	0.75	1.0	NULL
430.75	2.0	2.5	1.0	td_diff
433.25	0.0	0.25	1.0	NULL
433.5	1.0	2.5	1.0	td_same
436.0	0.0	0.5	1.0	NULL
436.5	3.0	2.5	1.0	td_na
439.0	0.0	1.0	1.0	NULL
440.0	1.0	2.5	1.0	td_same
442.5	0.0	0.25	1.0	NULL
442.75	2.0	2.5	1.0	td_diff
445.25	0.0	1.25	1.0	NULL
446.5	1.0	2.5	1.0	td_same
449.0	0.0	0.5	1.0	NULL
449.5	1.0	2.5	1.0	td_same
452.0	0.0	1.0	1.0	NULL
453.0	2.0	2.5	1.0	td_diff
455.5	0.0	0.25	1.0	NULL
455.75	3.0	2.5	1.0	td_na
458.25	0.0	0.5	1.0	NULL
458.75	2.0	2.5	1.0	td_diff
461.25	0.0	0.5	1.0	NULL
461.75	2.0	2.5	1.0	td_diff
464.25	0.0	0.5	1.0	NULL
464.75	3.0	2.5	1.0	td_na
467.25	0.0	0.5	1.0	NULL
467.75	2.0	2.5	1.0	td_diff
470.25	0.0	0.25	1.0	NULL
470.5	1.0	2.5	1.0	td_same
473.0	0.0	0.5	1.0	NULL
473.5	3.0	2.5	1.0	td_na
476.0	0.0	0.5	1.0	NULL
476.5	1.0	2.5	1.0	td_same
479.0	0.0	0.25	1.0	NULL
479.25	3.0	2.5	1.0	td_na
481.75	0.0	0.25	1.0	NULL
482.0	3.0	2.5	1.0	td_na
484.5	0.0	0.25	1.0	NULL
484.75	1.0	2.5	1.0	td_same
487.25	0.0	0.75	1.0	NULL
488.0	2.0	2.5	1.0	td_diff
490.5	0.0	0.0	1.0	NULL
490.5	2.0	2.5	1.0	td_diff
493.0	0.0	0.5	1.0	NULL
493.5	3.0	2.5	1.0	td_na
496.0	0.0	0.25	1.0	NULL
496.25	2.0	2.5	1.0	td_diff
498.75	0.0	1.5	1.0	NULL
500.25	2.0	2.5	1.0	td_diff
502.75	0.0	0.5	1.0	NULL
503.25	1.0	2.5	1.0	td_same
505.75	0.0	0.25	1.0	NULL
506.0	2.0	2.5	1.0	td_diff
508.5	0.0	0.25	1.0	NULL
508.75	2.0	2.5	1.0	td_diff
511.25	0.0	0.5	1.0	NULL
511.75	2.0	2.5	1.0	td_diff
514.25	0.0	0.5	1.0	NULL
514.75	2.0	2.5	1.0	td_diff
517.25	0.0	0.75	1.0	NULL
518.0	2.0	2.5	1.0	td_diff
520.5	0.0	1.0	1.0	NULL
521.5	1.0	2.5	1.0	td_same
534.0	0.0	1.25	1.0	NULL
535.25	1.0	2.5	1.0	td_same
537.75	0.0	1.0	1.0	NULL
538.75	1.0	2.5	1.0	td_same
541.25	0.0	0.5	1.0	NULL
541.75	2.0	2.5	1.0	td_diff
544.25	0.0	2.75	1.0	NULL
547.0	2.0	2.5	1.0	td_diff
549.5	0.0	0.25	1.0	NULL
549.75	1.0	2.5	1.0	td_same
552.25	0.0	0.25	1.0	NULL
552.5	1.0	2.5	1.0	td_same
555.0	0.0	0.25	1.0	NULL
555.25	3.0	2.5	1.0	td_na
557.75	0.0	0.25	1.0	NULL
558.0	2.0	2.5	1.0	td_diff
560.5	0.0	1.25	1.0	NULL
561.75	2.0	2.5	1.0	td_diff
564.25	0.0	0.5	1.0	NULL
564.75	1.0	2.5	1.0	td_same
567.25	0.0	1.0	1.0	NULL
568.25	2.0	2.5	1.0	td_diff
570.75	0.0	1.25	1.0	NULL
572.0	1.0	2.5	1.0	td_same
574.5	0.0	0.5	1.0	NULL
575.0	1.0	2.5	1.0	td_same
577.5	0.0	0.5	1.0	NULL
578.0	2.0	2.5	1.0	td_diff
580.5	0.0	1.0	1.0	NULL
581.5	3.0	2.5	1.0	td_na
584.0	0.0	0.25	1.0	NULL
584.25	3.0	2.5	1.0	td_na
586.75	0.0	0.25	1.0	NULL
587.0	2.0	2.5	1.0	td_diff
589.5	0.0	0.25	1.0	NULL
589.75	2.0	2.5	1.0	td_diff
592.25	0.0	0.25	1.0	NULL
592.5	3.0	2.5	1.0	td_na
595.0	0.0	0.25	1.0	NULL
595.25	2.0	2.5	1.0	td_diff
597.75	0.0	1.0	1.0	NULL
598.75	1.0	2.5	1.0	td_same
601.25	0.0	1.0	1.0	NULL
602.25	1.0	2.5	1.0	td_same
604.75	0.0	0.25	1.0	NULL
605.0	3.0	2.5	1.0	td_na
607.5	0.0	0.25	1.0	NULL
607.75	3.0	2.5	1.0	td_na
610.25	0.0	0.0	1.0	NULL
610.25	2.0	2.5	1.0	td_diff
612.75	0.0	0.25	1.0	NULL
613.0	2.0	2.5	1.0	td_diff
615.5	0.0	0.75	1.0	NULL
616.25	2.0	2.5	1.0	td_diff
618.75	0.0	0.25	1.0	NULL
619.0	2.0	2.5	1.0	td_diff
621.5	0.0	1.0	1.0	NULL
622.5	1.0	2.5	1.0	td_same
625.0	0.0	0.25	1.0	NULL
625.25	3.0	2.5	1.0	td_na
627.75	0.0	0.25	1.0	NULL
628.0	2.0	2.5	1.0	td_diff
630.5	0.0	0.25	1.0	NULL
630.75	1.0	2.5	1.0	td_same
633.25	0.0	0.25	1.0	NULL
633.5	2.0	2.5	1.0	td_diff
636.0	0.0	0.25	1.0	NULL
636.25	3.0	2.5	1.0	td_na
638.75	0.0	0.25	1.0	NULL
639.0	2.0	2.5	1.0	td_diff
641.5	0.0	0.5	1.0	NULL
642.0	1.0	2.5	1.0	td_same
644.5	0.0	0.25	1.0	NULL
644.75	2.0	2.5	1.0	td_diff
647.25	0.0	0.25	1.0	NULL
647.5	1.0	2.5	1.0	td_same
650.0	0.0	1.5	1.0	NULL
651.5	3.0	2.5	1.0	td_na
654.0	0.0	0.25	1.0	NULL
654.25	3.0	2.5	1.0	td_na
656.75	0.0	0.0	1.0	NULL
656.75	1.0	2.5	1.0	td_same
659.25	0.0	0.25	1.0	NULL
659.5	3.0	2.5	1.0	td_na
662.0	0.0	0.25	1.0	NULL
662.25	2.0	2.5	1.0	td_diff
664.75	0.0	0.5	1.0	NULL
665.25	1.0	2.5	1.0	td_same
667.75	0.0	0.75	1.0	NULL
668.5	3.0	2.5	1.0	td_na
671.0	0.0	0.25	1.0	NULL
671.25	2.0	2.5	1.0	td_diff
673.75	0.0	0.25	1.0	NULL
674.0	3.0	2.5	1.0	td_na
676.5	0.0	0.0	1.0	NULL
676.5	1.0	2.5	1.0	td_same
679.0	0.0	0.5	1.0	NULL
679.5	2.0	2.5	1.0	td_diff
682.0	0.0	0.25	1.0	NULL
682.25	2.0	2.5	1.0	td_diff
684.75	0.0	0.0	1.0	NULL
684.75	3.0	2.5	1.0	td_na
687.25	0.0	0.0	1.0	NULL
687.25	2.0	2.5	1.0	td_diff
689.75	0.0	0.25	1.0	NULL
690.0	2.0	2.5	1.0	td_diff
692.5	0.0	0.25	1.0	NULL
692.75	2.0	2.5	1.0	td_diff
695.25	0.0	0.5	1.0	NULL
695.75	3.0	2.5	1.0	td_na
698.25	0.0	0.75	1.0	NULL
699.0	2.0	2.5	1.0	td_diff
