6.5
12.5
21.5
27.0
30.0
39.75
45.0
51.5
60.0
74.0
76.75
83.75
86.75
93.25
98.75
110.75
117.0
122.75
126.5
129.25
146.75
157.75
160.75
163.75
182.0
184.75
187.5
190.5
198.0
200.75
210.0
233.25
236.0
239.0
248.25
270.75
273.75
276.5
279.5
291.0
311.5
314.25
334.75
356.5
359.25
368.0
371.25
374.25
377.5
384.75
387.75
393.75
399.25
402.0
413.0
416.0
424.75
427.5
430.75
442.75
453.0
458.75
461.75
467.75
488.0
490.5
496.25
500.25
506.0
508.75
511.75
514.75
518.0
541.75
547.0
558.0
561.75
568.25
578.0
587.0
589.75
595.25
610.25
613.0
616.25
619.0
628.0
633.5
639.0
644.75
662.25
671.25
679.5
682.25
687.25
690.0
692.75
699.0
