0.0	0.0	0.0	1.0	NULL
0.0	3.0	2.5	1.0	td_na
2.5	0.0	0.25	1.0	NULL
2.75	1.0	2.5	1.0	td_same
5.25	0.0	0.75	1.0	NULL
6.0	2.0	2.5	1.0	td_diff
8.5	0.0	0.75	1.0	NULL
9.25	3.0	2.5	1.0	td_na
11.75	0.0	0.25	1.0	NULL
12.0	2.0	2.5	1.0	td_diff
14.5	0.0	0.25	1.0	NULL
14.75	1.0	2.5	1.0	td_same
17.25	0.0	0.25	1.0	NULL
17.5	3.0	2.5	1.0	td_na
20.0	0.0	0.75	1.0	NULL
20.75	3.0	2.5	1.0	td_na
23.25	0.0	0.0	1.0	NULL
23.25	2.0	2.5	1.0	td_diff
25.75	0.0	0.25	1.0	NULL
26.0	2.0	2.5	1.0	td_diff
28.5	0.0	0.75	1.0	NULL
29.25	1.0	2.5	1.0	td_same
31.75	0.0	0.5	1.0	NULL
32.25	2.0	2.5	1.0	td_diff
34.75	0.0	0.75	1.0	NULL
35.5	1.0	2.5	1.0	td_same
38.0	0.0	0.0	1.0	NULL
38.0	1.0	2.5	1.0	td_same
40.5	0.0	0.75	1.0	NULL
41.25	2.0	2.5	1.0	td_diff
43.75	0.0	0.5	1.0	NULL
44.25	3.0	2.5	1.0	td_na
46.75	0.0	0.5	1.0	NULL
47.25	1.0	2.5	1.0	td_same
49.75	0.0	0.25	1.0	NULL
50.0	1.0	2.5	1.0	td_same
52.5	0.0	0.25	1.0	NULL
52.75	2.0	2.5	1.0	td_diff
55.25	0.0	0.5	1.0	NULL
55.75	2.0	2.5	1.0	td_diff
58.25	0.0	0.25	1.0	NULL
58.5	2.0	2.5	1.0	td_diff
61.0	0.0	0.0	1.0	NULL
61.0	2.0	2.5	1.0	td_diff
63.5	0.0	0.75	1.0	NULL
64.25	2.0	2.5	1.0	td_diff
66.75	0.0	1.0	1.0	NULL
67.75	1.0	2.5	1.0	td_same
70.25	0.0	0.25	1.0	NULL
70.5	3.0	2.5	1.0	td_na
73.0	0.0	0.25	1.0	NULL
73.25	2.0	2.5	1.0	td_diff
75.75	0.0	0.25	1.0	NULL
76.0	3.0	2.5	1.0	td_na
78.5	0.0	0.75	1.0	NULL
79.25	2.0	2.5	1.0	td_diff
81.75	0.0	1.25	1.0	NULL
83.0	2.0	2.5	1.0	td_diff
85.5	0.0	1.0	1.0	NULL
86.5	1.0	2.5	1.0	td_same
89.0	0.0	0.25	1.0	NULL
89.25	1.0	2.5	1.0	td_same
91.75	0.0	0.5	1.0	NULL
92.25	3.0	2.5	1.0	td_na
94.75	0.0	0.25	1.0	NULL
95.0	1.0	2.5	1.0	td_same
97.5	0.0	0.25	1.0	NULL
97.75	3.0	2.5	1.0	td_na
100.25	0.0	0.5	1.0	NULL
100.75	1.0	2.5	1.0	td_same
103.25	0.0	0.25	1.0	NULL
103.5	1.0	2.5	1.0	td_same
106.0	0.0	0.25	1.0	NULL
106.25	1.0	2.5	1.0	td_same
108.75	0.0	0.0	1.0	NULL
108.75	2.0	2.5	1.0	td_diff
111.25	0.0	0.25	1.0	NULL
111.5	3.0	2.5	1.0	td_na
114.0	0.0	0.25	1.0	NULL
114.25	1.0	2.5	1.0	td_same
116.75	0.0	1.0	1.0	NULL
117.75	1.0	2.5	1.0	td_same
120.25	0.0	0.0	1.0	NULL
120.25	3.0	2.5	1.0	td_na
132.75	0.0	0.5	1.0	NULL
133.25	2.0	2.5	1.0	td_diff
135.75	0.0	0.5	1.0	NULL
136.25	1.0	2.5	1.0	td_same
138.75	0.0	0.0	1.0	NULL
138.75	3.0	2.5	1.0	td_na
141.25	0.0	0.25	1.0	NULL
141.5	3.0	2.5	1.0	td_na
144.0	0.0	0.75	1.0	NULL
144.75	1.0	2.5	1.0	td_same
147.25	0.0	0.25	1.0	NULL
147.5	3.0	2.5	1.0	td_na
150.0	0.0	0.0	1.0	NULL
150.0	1.0	2.5	1.0	td_same
152.5	0.0	0.25	1.0	NULL
152.75	3.0	2.5	1.0	td_na
155.25	0.0	0.25	1.0	NULL
155.5	1.0	2.5	1.0	td_same
158.0	0.0	1.25	1.0	NULL
159.25	2.0	2.5	1.0	td_diff
161.75	0.0	0.75	1.0	NULL
162.5	2.0	2.5	1.0	td_diff
165.0	0.0	0.5	1.0	NULL
165.5	2.0	2.5	1.0	td_diff
168.0	0.0	0.25	1.0	NULL
168.25	3.0	2.5	1.0	td_na
170.75	0.0	0.75	1.0	NULL
171.5	3.0	2.5	1.0	td_na
174.0	0.0	0.25	1.0	NULL
174.25	3.0	2.5	1.0	td_na
176.75	0.0	0.75	1.0	NULL
177.5	2.0	2.5	1.0	td_diff
180.0	0.0	1.0	1.0	NULL
181.0	2.0	2.5	1.0	td_diff
183.5	0.0	0.5	1.0	NULL
184.0	3.0	2.5	1.0	td_na
186.5	0.0	1.0	1.0	NULL
187.5	1.0	2.5	1.0	td_same
190.0	0.0	0.25	1.0	NULL
190.25	1.0	2.5	1.0	td_same
192.75	0.0	0.25	1.0	NULL
193.0	1.0	2.5	1.0	td_same
195.5	0.0	0.5	1.0	NULL
196.0	1.0	2.5	1.0	td_same
198.5	0.0	0.5	1.0	NULL
199.0	1.0	2.5	1.0	td_same
201.5	0.0	0.75	1.0	NULL
202.25	3.0	2.5	1.0	td_na
204.75	0.0	1.0	1.0	NULL
205.75	2.0	2.5	1.0	td_diff
208.25	0.0	0.25	1.0	NULL
208.5	1.0	2.5	1.0	td_same
211.0	0.0	3.5	1.0	NULL
214.5	3.0	2.5	1.0	td_na
217.0	0.0	0.25	1.0	NULL
217.25	3.0	2.5	1.0	td_na
219.75	0.0	0.25	1.0	NULL
220.0	1.0	2.5	1.0	td_same
222.5	0.0	0.75	1.0	NULL
223.25	1.0	2.5	1.0	td_same
225.75	0.0	0.25	1.0	NULL
226.0	2.0	2.5	1.0	td_diff
228.5	0.0	0.25	1.0	NULL
228.75	2.0	2.5	1.0	td_diff
231.25	0.0	0.25	1.0	NULL
231.5	1.0	2.5	1.0	td_same
234.0	0.0	0.75	1.0	NULL
234.75	1.0	2.5	1.0	td_same
237.25	0.0	0.75	1.0	NULL
238.0	2.0	2.5	1.0	td_diff
240.5	0.0	0.25	1.0	NULL
240.75	1.0	2.5	1.0	td_same
243.25	0.0	0.75	1.0	NULL
244.0	3.0	2.5	1.0	td_na
246.5	0.0	1.25	1.0	NULL
247.75	2.0	2.5	1.0	td_diff
250.25	0.0	0.25	1.0	NULL
250.5	1.0	2.5	1.0	td_same
253.0	0.0	0.75	1.0	NULL
253.75	2.0	2.5	1.0	td_diff
256.25	0.0	0.75	1.0	NULL
257.0	3.0	2.5	1.0	td_na
259.5	0.0	0.25	1.0	NULL
259.75	3.0	2.5	1.0	td_na
272.25	0.0	0.25	1.0	NULL
272.5	1.0	2.5	1.0	td_same
275.0	0.0	0.25	1.0	NULL
275.25	1.0	2.5	1.0	td_same
277.75	0.0	0.25	1.0	NULL
278.0	2.0	2.5	1.0	td_diff
280.5	0.0	0.5	1.0	NULL
281.0	1.0	2.5	1.0	td_same
283.5	0.0	0.25	1.0	NULL
283.75	2.0	2.5	1.0	td_diff
286.25	0.0	0.25	1.0	NULL
286.5	3.0	2.5	1.0	td_na
289.0	0.0	0.75	1.0	NULL
289.75	2.0	2.5	1.0	td_diff
292.25	0.0	0.25	1.0	NULL
292.5	2.0	2.5	1.0	td_diff
295.0	0.0	0.5	1.0	NULL
295.5	2.0	2.5	1.0	td_diff
298.0	0.0	0.25	1.0	NULL
298.25	1.0	2.5	1.0	td_same
300.75	0.0	0.5	1.0	NULL
301.25	1.0	2.5	1.0	td_same
303.75	0.0	0.25	1.0	NULL
304.0	1.0	2.5	1.0	td_same
306.5	0.0	0.25	1.0	NULL
306.75	3.0	2.5	1.0	td_na
309.25	0.0	0.25	1.0	NULL
309.5	3.0	2.5	1.0	td_na
312.0	0.0	0.25	1.0	NULL
312.25	1.0	2.5	1.0	td_same
314.75	0.0	0.25	1.0	NULL
315.0	2.0	2.5	1.0	td_diff
317.5	0.0	0.5	1.0	NULL
318.0	2.0	2.5	1.0	td_diff
320.5	0.0	1.0	1.0	NULL
321.5	2.0	2.5	1.0	td_diff
324.0	0.0	0.75	1.0	NULL
324.75	2.0	2.5	1.0	td_diff
327.25	0.0	1.25	1.0	NULL
328.5	2.0	2.5	1.0	td_diff
331.0	0.0	0.5	1.0	NULL
331.5	2.0	2.5	1.0	td_diff
334.0	0.0	0.75	1.0	NULL
334.75	2.0	2.5	1.0	td_diff
337.25	0.0	0.0	1.0	NULL
337.25	2.0	2.5	1.0	td_diff
339.75	0.0	0.75	1.0	NULL
340.5	1.0	2.5	1.0	td_same
343.0	0.0	0.25	1.0	NULL
343.25	2.0	2.5	1.0	td_diff
345.75	0.0	0.25	1.0	NULL
346.0	1.0	2.5	1.0	td_same
348.5	0.0	0.5	1.0	NULL
349.0	1.0	2.5	1.0	td_same
351.5	0.0	0.25	1.0	NULL
351.75	2.0	2.5	1.0	td_diff
354.25	0.0	2.0	1.0	NULL
356.25	2.0	2.5	1.0	td_diff
358.75	0.0	0.25	1.0	NULL
359.0	2.0	2.5	1.0	td_diff
361.5	0.0	1.0	1.0	NULL
362.5	3.0	2.5	1.0	td_na
365.0	0.0	1.0	1.0	NULL
366.0	1.0	2.5	1.0	td_same
368.5	0.0	0.75	1.0	NULL
369.25	3.0	2.5	1.0	td_na
371.75	0.0	0.25	1.0	NULL
372.0	3.0	2.5	1.0	td_na
374.5	0.0	0.5	1.0	NULL
375.0	2.0	2.5	1.0	td_diff
377.5	0.0	0.5	1.0	NULL
378.0	2.0	2.5	1.0	td_diff
380.5	0.0	0.25	1.0	NULL
380.75	2.0	2.5	1.0	td_diff
383.25	0.0	0.75	1.0	NULL
384.0	3.0	2.5	1.0	td_na
386.5	0.0	1.5	1.0	NULL
388.0	3.0	2.5	1.0	td_na
390.5	0.0	0.25	1.0	NULL
390.75	2.0	2.5	1.0	td_diff
393.25	0.0	0.25	1.0	NULL
393.5	1.0	2.5	1.0	td_same
396.0	0.0	1.25	1.0	NULL
397.25	2.0	2.5	1.0	td_diff
409.75	0.0	0.25	1.0	NULL
410.0	1.0	2.5	1.0	td_same
412.5	0.0	0.5	1.0	NULL
413.0	1.0	2.5	1.0	td_same
415.5	0.0	0.0	1.0	NULL
415.5	2.0	2.5	1.0	td_diff
418.0	0.0	0.0	1.0	NULL
418.0	2.0	2.5	1.0	td_diff
420.5	0.0	1.5	1.0	NULL
422.0	2.0	2.5	1.0	td_diff
424.5	0.0	0.5	1.0	NULL
425.0	1.0	2.5	1.0	td_same
427.5	0.0	0.25	1.0	NULL
427.75	2.0	2.5	1.0	td_diff
430.25	0.0	0.25	1.0	NULL
430.5	2.0	2.5	1.0	td_diff
433.0	0.0	0.5	1.0	NULL
433.5	2.0	2.5	1.0	td_diff
436.0	0.0	0.25	1.0	NULL
436.25	3.0	2.5	1.0	td_na
438.75	0.0	0.5	1.0	NULL
439.25	3.0	2.5	1.0	td_na
441.75	0.0	0.75	1.0	NULL
442.5	2.0	2.5	1.0	td_diff
445.0	0.0	1.25	1.0	NULL
446.25	2.0	2.5	1.0	td_diff
448.75	0.0	0.25	1.0	NULL
449.0	1.0	2.5	1.0	td_same
451.5	0.0	0.25	1.0	NULL
451.75	3.0	2.5	1.0	td_na
454.25	0.0	0.75	1.0	NULL
455.0	2.0	2.5	1.0	td_diff
457.5	0.0	0.25	1.0	NULL
457.75	2.0	2.5	1.0	td_diff
460.25	0.0	0.25	1.0	NULL
460.5	1.0	2.5	1.0	td_same
463.0	0.0	0.25	1.0	NULL
463.25	2.0	2.5	1.0	td_diff
465.75	0.0	0.5	1.0	NULL
466.25	2.0	2.5	1.0	td_diff
468.75	0.0	0.5	1.0	NULL
469.25	2.0	2.5	1.0	td_diff
471.75	0.0	0.25	1.0	NULL
472.0	2.0	2.5	1.0	td_diff
474.5	0.0	0.25	1.0	NULL
474.75	2.0	2.5	1.0	td_diff
477.25	0.0	0.25	1.0	NULL
477.5	2.0	2.5	1.0	td_diff
480.0	0.0	0.25	1.0	NULL
480.25	2.0	2.5	1.0	td_diff
482.75	0.0	0.25	1.0	NULL
483.0	2.0	2.5	1.0	td_diff
485.5	0.0	0.75	1.0	NULL
486.25	3.0	2.5	1.0	td_na
488.75	0.0	1.25	1.0	NULL
490.0	1.0	2.5	1.0	td_same
492.5	0.0	0.75	1.0	NULL
493.25	3.0	2.5	1.0	td_na
495.75	0.0	0.25	1.0	NULL
496.0	2.0	2.5	1.0	td_diff
498.5	0.0	0.75	1.0	NULL
499.25	1.0	2.5	1.0	td_same
501.75	0.0	0.5	1.0	NULL
502.25	2.0	2.5	1.0	td_diff
504.75	0.0	0.5	1.0	NULL
505.25	2.0	2.5	1.0	td_diff
507.75	0.0	0.5	1.0	NULL
508.25	2.0	2.5	1.0	td_diff
510.75	0.0	0.5	1.0	NULL
511.25	2.0	2.5	1.0	td_diff
513.75	0.0	0.5	1.0	NULL
514.25	1.0	2.5	1.0	td_same
516.75	0.0	0.25	1.0	NULL
517.0	2.0	2.5	1.0	td_diff
519.5	0.0	0.25	1.0	NULL
519.75	3.0	2.5	1.0	td_na
522.25	0.0	0.5	1.0	NULL
522.75	1.0	2.5	1.0	td_same
525.25	0.0	0.25	1.0	NULL
525.5	1.0	2.5	1.0	td_same
528.0	0.0	0.5	1.0	NULL
528.5	1.0	2.5	1.0	td_same
531.0	0.0	0.0	1.0	NULL
531.0	3.0	2.5	1.0	td_na
