0.0
20.0
23.0
26.0
29.0
31.5
39.75
42.25
44.75
47.5
57.25
69.0
71.75
91.75
97.5
100.25
106.25
109.0
119.0
122.25
125.25
131.25
134.5
137.5
140.25
143.25
146.0
148.75
157.25
188.5
202.5
208.25
213.75
225.5
228.75
237.5
251.25
267.25
270.0
276.0
285.5
291.0
308.0
316.5
326.0
331.5
348.0
353.25
356.5
359.5
366.0
371.25
377.0
383.25
386.5
389.25
404.5
411.75
414.75
417.75
423.5
429.5
444.75
447.5
453.0
464.25
469.75
475.5
481.25
521.25
530.0
532.75
544.0
546.75
557.75
560.5
572.75
575.5
589.5
592.25
595.0
597.5
603.25
650.25
652.75
664.25
