0.0
15.192
29.788000000000004
59.57600000000001
104.25800000000001
143.43000000000004
175.30400000000003
182.60200000000003
198.09200000000004
205.98600000000005
213.28400000000005
258.56200000000007
287.7540000000001
309.3500000000001
339.1380000000001
371.3300000000001
453.0980000000001
460.39600000000013
467.99200000000013
505.6740000000001
536.3560000000001
596.2300000000001
701.3820000000002
943.5800000000003
981.5600000000003
1025.0500000000002
1032.3480000000002
1039.6460000000002
1054.5400000000002
1092.2220000000002
