0.0
36.49
44.086
110.66200000000002
117.96000000000002
125.85400000000001
133.15200000000002
148.34400000000002
178.72800000000004
185.72800000000004
193.02600000000004
207.62200000000004
214.92000000000004
274.19800000000004
281.49600000000004
318.28400000000005
333.17800000000005
348.07200000000006
417.3500000000001
425.2440000000001
440.4360000000001
494.2040000000001
523.6940000000001
531.5880000000001
553.7800000000001
569.2700000000001
623.0380000000001
682.3160000000001
697.5080000000002
713.5940000000002
746.0840000000002
753.6800000000002
776.1700000000002
784.0640000000002
827.8520000000002
857.0440000000002
864.9380000000002
872.2360000000002
886.8320000000002
894.4280000000002
955.7920000000003
970.3880000000003
977.9840000000003
1050.6660000000002
1065.5600000000002
1072.8580000000002
1087.4540000000002
