4.5
6.5
18.5
20.75
25.25
27.5
29.75
35.25
37.5
42.0
46.5
51.5
53.75
56.0
58.25
60.5
63.0
65.5
70.25
78.5
89.0
91.25
93.5
96.0
125.25
127.5
130.0
132.5
134.75
137.0
141.75
147.25
149.5
159.0
170.5
173.25
177.75
186.5
191.5
193.75
201.25
203.5
205.5
208.0
210.25
215.0
219.75
223.75
228.25
235.5
237.75
252.75
255.0
264.25
271.25
283.75
286.25
288.75
304.25
308.75
311.0
313.25
315.5
318.0
321.0
328.75
334.0
339.0
348.75
351.0
353.25
355.5
357.5
377.25
380.0
384.5
387.25
396.75
401.25
405.75
408.0
410.25
426.75
429.0
431.25
433.5
438.25
440.25
447.5
449.75
467.0
469.0
473.25
480.25
484.75
486.75
