0.0
2.25
9.0
11.5
13.75
16.25
23.0
32.5
39.75
44.25
49.0
67.75
72.75
75.5
80.75
83.5
86.75
98.25
100.5
102.75
105.5
107.75
110.0
112.25
139.25
145.0
151.75
154.25
156.5
161.25
163.5
165.75
168.0
175.5
180.0
182.5
184.5
188.75
196.0
198.75
212.5
217.25
226.0
230.25
232.5
250.5
257.5
259.75
262.0
266.5
268.75
274.0
276.75
279.0
281.25
292.25
294.5
296.75
299.75
302.0
306.5
323.5
326.5
331.5
336.75
341.5
343.75
346.5
359.75
362.5
365.0
382.25
389.5
391.75
394.0
399.0
403.5
412.75
415.0
417.5
419.75
422.0
424.25
436.0
442.5
445.25
452.5
454.75
457.0
459.25
461.75
464.25
471.0
475.5
478.25
482.25
