12.25
20.0
22.25
24.5
27.0
31.5
33.75
36.5
41.0
43.25
60.25
64.5
66.75
71.75
81.0
96.0
100.5
112.5
115.0
117.5
127.25
129.75
147.75
150.0
159.0
161.25
168.25
170.75
175.0
177.25
184.0
187.25
201.0
207.75
218.25
236.0
238.25
240.5
248.75
251.5
257.25
290.25
294.75
297.0
304.5
318.0
328.25
330.5
342.0
355.75
362.25
364.5
378.5
380.75
386.5
400.5
405.0
407.25
409.25
415.0
434.75
439.25
441.5
456.0
458.25
462.75
476.5
485.5
487.75
490.5
495.5
512.5
514.75
527.0
530.25
538.0
540.0
547.0
551.25
554.0
