2.75
4.75
7.25
9.75
12.0
14.5
16.75
19.0
21.0
26.0
28.25
33.25
35.75
37.75
40.25
42.5
48.25
50.5
52.75
55.25
60.75
63.0
65.25
67.75
70.5
72.75
78.0
80.25
82.75
85.0
90.75
93.25
95.5
97.75
102.5
104.75
107.5
113.75
116.25
118.5
120.75
123.0
125.25
127.75
130.0
135.0
140.75
143.0
145.75
158.0
160.25
162.75
172.5
177.75
180.25
183.0
185.25
187.75
190.0
192.25
194.75
196.75
210.25
212.5
214.75
217.0
219.25
221.5
223.75
229.0
231.5
236.75
245.75
251.0
253.25
255.5
261.0
263.25
265.5
267.75
270.0
272.25
274.5
284.0
293.25
295.5
297.75
300.0
302.25
304.25
306.5
308.5
321.25
327.0
332.25
334.5
336.75
339.0
344.5
349.75
354.75
357.0
359.25
364.25
366.75
369.25
371.25
379.25
381.5
383.75
388.75
391.0
393.25
398.25
400.5
402.75
405.5
411.5
413.75
416.25
418.75
421.25
423.75
429.5
432.0
437.75
440.0
442.25
444.5
447.0
449.25
457.25
459.5
461.75
464.0
469.25
482.0
484.0
486.25
488.5
490.75
493.25
495.5
500.75
503.0
505.0
507.5
509.75
512.0
514.25
516.5
519.0
530.0
532.25
537.0
539.25
541.75
547.25
549.5
552.0
554.25
556.75
559.25
561.75
564.0
569.0
571.25
573.5
575.75
581.5
584.0
586.25
588.5
591.25
593.5
601.25
606.75
609.0
615.0
617.5
620.0
625.5
627.5
