8.49
23.384
37.980000000000004
60.17200000000001
74.76800000000001
126.74800000000002
186.02600000000004
200.62200000000004
222.51600000000005
258.708
266.00600000000003
280.90000000000003
311.28400000000005
340.47600000000006
365.07200000000006
386.66800000000006
393.96600000000007
427.3300000000001
434.6280000000001
460.0980000000001
489.58800000000014
496.88600000000014
504.18400000000014
511.4820000000001
533.6740000000001
540.9720000000001
562.8660000000001
577.7600000000001
606.9520000000001
628.5480000000001
635.8460000000001
694.8260000000001
718.8060000000002
772.8920000000002
832.4680000000002
854.9580000000002
877.1500000000002
900.5340000000002
907.8320000000002
930.0240000000002
938.2160000000002
967.7060000000002
1052.7520000000002
1074.3480000000002
1082.2420000000002
1089.5400000000002
