16.086
45.278000000000006
89.36400000000002
96.66200000000002
103.96000000000002
141.34400000000002
156.53600000000003
171.13200000000003
303.68800000000005
347.77400000000006
379.37000000000006
418.2440000000001
467.69400000000013
474.99200000000013
482.29000000000013
548.2700000000001
592.6540000000001
599.9520000000001
651.0380000000001
658.6340000000001
672.9320000000001
736.4020000000002
758.5940000000002
816.9780000000002
862.2560000000002
869.8520000000002
892.9380000000002
953.1100000000002
960.4080000000002
982.3020000000002
1004.4940000000003
1020.8780000000002
1029.3680000000002
1043.9640000000002
