0.0	0.0	0.0	1.0	NULL
0.0	2.0	2.15	1.0	tstay_cswitch
2.15	0.0	0.0	1.0	NULL
2.15	2.0	2.15	1.0	tstay_cswitch
4.299999999999999	0.0	0.25	1.0	NULL
4.549999999999999	2.0	2.15	1.0	tstay_cswitch
6.699999999999998	0.0	0.25	1.0	NULL
6.949999999999998	1.0	2.15	1.0	tstay_cstay
9.1	0.0	0.25	1.0	NULL
9.35	3.0	2.15	1.0	tswitch_cswitch
11.5	0.0	0.25	1.0	NULL
11.75	1.0	2.15	1.0	tstay_cstay
13.9	0.0	0.25	1.0	NULL
14.15	3.0	2.15	1.0	tswitch_cswitch
16.3	0.0	0.75	1.0	NULL
17.05	3.0	2.15	1.0	tswitch_cswitch
19.2	0.0	0.25	1.0	NULL
19.45	3.0	2.15	1.0	tswitch_cswitch
21.6	0.0	0.25	1.0	NULL
21.85	1.0	2.15	1.0	tstay_cstay
24.0	0.0	1.25	1.0	NULL
25.25	2.0	2.15	1.0	tstay_cswitch
27.399999999999995	0.0	0.25	1.0	NULL
27.649999999999995	2.0	2.15	1.0	tstay_cswitch
29.8	0.0	0.25	1.0	NULL
30.05	3.0	2.15	1.0	tswitch_cswitch
32.2	0.0	0.5	1.0	NULL
32.7	2.0	2.15	1.0	tstay_cswitch
34.849999999999994	0.0	0.25	1.0	NULL
35.099999999999994	2.0	2.15	1.0	tstay_cswitch
37.24999999999999	0.0	0.25	1.0	NULL
37.49999999999999	3.0	2.15	1.0	tswitch_cswitch
39.64999999999999	0.0	0.25	1.0	NULL
39.89999999999999	3.0	2.15	1.0	tswitch_cswitch
42.04999999999999	0.0	0.5	1.0	NULL
42.54999999999999	3.0	2.15	1.0	tswitch_cswitch
44.69999999999999	0.0	0.5	1.0	NULL
45.19999999999999	3.0	2.15	1.0	tswitch_cswitch
47.34999999999999	0.0	0.25	1.0	NULL
47.59999999999999	1.0	2.15	1.0	tstay_cstay
49.74999999999999	0.0	1.75	1.0	NULL
51.49999999999999	3.0	2.15	1.0	tswitch_cswitch
53.649999999999984	0.0	0.25	1.0	NULL
53.899999999999984	3.0	2.15	1.0	tswitch_cswitch
56.04999999999998	0.0	0.25	1.0	NULL
56.29999999999998	1.0	2.15	1.0	tstay_cstay
58.44999999999998	0.0	0.25	1.0	NULL
58.69999999999998	1.0	2.15	1.0	tstay_cstay
60.84999999999998	0.0	1.0	1.0	NULL
61.84999999999998	3.0	2.15	1.0	tswitch_cswitch
63.99999999999997	0.0	0.5	1.0	NULL
64.49999999999997	3.0	2.15	1.0	tswitch_cswitch
66.64999999999998	0.0	0.25	1.0	NULL
66.89999999999998	2.0	2.15	1.0	tstay_cswitch
69.04999999999998	0.0	0.25	1.0	NULL
69.29999999999998	2.0	2.15	1.0	tstay_cswitch
71.44999999999997	0.0	0.25	1.0	NULL
71.69999999999997	2.0	2.15	1.0	tstay_cswitch
73.85	0.0	0.0	1.0	NULL
73.85	1.0	2.15	1.0	tstay_cstay
76.0	0.0	0.5	1.0	NULL
76.5	2.0	2.15	1.0	tstay_cswitch
78.65	0.0	0.0	1.0	NULL
78.65	3.0	2.15	1.0	tswitch_cswitch
80.80000000000003	0.0	0.75	1.0	NULL
81.55000000000003	2.0	2.15	1.0	tstay_cswitch
83.70000000000002	0.0	0.5	1.0	NULL
84.20000000000002	1.0	2.15	1.0	tstay_cstay
86.35000000000002	0.0	2.0	1.0	NULL
88.35000000000002	2.0	2.15	1.0	tstay_cswitch
90.50000000000004	0.0	0.25	1.0	NULL
90.75000000000004	3.0	2.15	1.0	tswitch_cswitch
92.90000000000003	0.0	0.25	1.0	NULL
93.15000000000003	3.0	2.15	1.0	tswitch_cswitch
95.30000000000004	0.0	0.5	1.0	NULL
95.80000000000004	1.0	2.15	1.0	tstay_cstay
97.95000000000003	0.0	0.25	1.0	NULL
98.20000000000003	2.0	2.15	1.0	tstay_cswitch
100.35000000000004	0.0	1.25	1.0	NULL
101.60000000000004	3.0	2.15	1.0	tswitch_cswitch
103.75000000000006	0.0	1.0	1.0	NULL
104.75000000000006	3.0	2.15	1.0	tswitch_cswitch
106.90000000000006	0.0	0.25	1.0	NULL
107.15000000000006	3.0	2.15	1.0	tswitch_cswitch
109.30000000000008	0.0	0.0	1.0	NULL
109.30000000000008	2.0	2.15	1.0	tstay_cswitch
111.45000000000007	0.0	0.25	1.0	NULL
111.70000000000007	1.0	2.15	1.0	tstay_cstay
113.85000000000008	0.0	0.25	1.0	NULL
114.10000000000008	3.0	2.15	1.0	tswitch_cswitch
116.25000000000007	0.0	0.75	1.0	NULL
117.00000000000007	1.0	2.15	1.0	tstay_cstay
119.15000000000008	0.0	1.25	1.0	NULL
120.40000000000008	2.0	2.15	1.0	tstay_cswitch
122.5500000000001	0.0	0.25	1.0	NULL
122.8000000000001	2.0	2.15	1.0	tstay_cswitch
124.9500000000001	0.0	1.25	1.0	NULL
126.2000000000001	3.0	2.15	1.0	tswitch_cswitch
128.3500000000001	0.0	0.0	1.0	NULL
128.3500000000001	3.0	2.15	1.0	tswitch_cswitch
130.50000000000009	0.0	0.5	1.0	NULL
131.00000000000009	3.0	2.15	1.0	tswitch_cswitch
133.15000000000012	0.0	1.5	1.0	NULL
134.65000000000012	3.0	2.15	1.0	tswitch_cswitch
136.80000000000013	0.0	0.5	1.0	NULL
137.30000000000013	2.0	2.15	1.0	tstay_cswitch
139.45000000000013	0.0	0.5	1.0	NULL
139.95000000000013	2.0	2.15	1.0	tstay_cswitch
142.10000000000014	0.0	0.25	1.0	NULL
142.35000000000014	3.0	2.15	1.0	tswitch_cswitch
144.50000000000014	0.0	0.25	1.0	NULL
144.75000000000014	3.0	2.15	1.0	tswitch_cswitch
156.90000000000015	0.0	0.25	1.0	NULL
157.15000000000015	3.0	2.15	1.0	tswitch_cswitch
159.30000000000015	0.0	1.75	1.0	NULL
161.05000000000015	2.0	2.15	1.0	tstay_cswitch
163.20000000000016	0.0	1.5	1.0	NULL
164.70000000000016	2.0	2.15	1.0	tstay_cswitch
166.85000000000016	0.0	0.25	1.0	NULL
167.10000000000016	3.0	2.15	1.0	tswitch_cswitch
169.25000000000014	0.0	0.25	1.0	NULL
169.50000000000014	2.0	2.15	1.0	tstay_cswitch
171.6500000000002	0.0	0.25	1.0	NULL
171.9000000000002	1.0	2.15	1.0	tstay_cstay
174.05000000000018	0.0	0.25	1.0	NULL
174.30000000000018	2.0	2.15	1.0	tstay_cswitch
176.4500000000002	0.0	0.25	1.0	NULL
176.7000000000002	2.0	2.15	1.0	tstay_cswitch
178.8500000000002	0.0	0.25	1.0	NULL
179.1000000000002	2.0	2.15	1.0	tstay_cswitch
181.2500000000002	0.0	1.0	1.0	NULL
182.2500000000002	1.0	2.15	1.0	tstay_cstay
184.4000000000002	0.0	0.25	1.0	NULL
184.6500000000002	2.0	2.15	1.0	tstay_cswitch
186.80000000000018	0.0	0.75	1.0	NULL
187.55000000000018	3.0	2.15	1.0	tswitch_cswitch
189.70000000000027	0.0	0.5	1.0	NULL
190.20000000000027	1.0	2.15	1.0	tstay_cstay
192.35000000000028	0.0	0.25	1.0	NULL
192.60000000000028	2.0	2.15	1.0	tstay_cswitch
194.75000000000026	0.0	0.25	1.0	NULL
195.00000000000026	2.0	2.15	1.0	tstay_cswitch
197.15000000000026	0.0	0.5	1.0	NULL
197.65000000000026	1.0	2.15	1.0	tstay_cstay
199.80000000000027	0.0	0.25	1.0	NULL
200.05000000000027	2.0	2.15	1.0	tstay_cswitch
202.20000000000027	0.0	0.25	1.0	NULL
202.45000000000027	1.0	2.15	1.0	tstay_cstay
204.60000000000028	0.0	0.25	1.0	NULL
204.85000000000028	3.0	2.15	1.0	tswitch_cswitch
207.00000000000026	0.0	0.25	1.0	NULL
207.25000000000026	3.0	2.15	1.0	tswitch_cswitch
209.40000000000026	0.0	2.0	1.0	NULL
211.40000000000026	2.0	2.15	1.0	tstay_cswitch
213.55000000000027	0.0	0.25	1.0	NULL
213.80000000000027	1.0	2.15	1.0	tstay_cstay
215.95000000000027	0.0	0.25	1.0	NULL
216.20000000000027	3.0	2.15	1.0	tswitch_cswitch
218.35000000000028	0.0	0.75	1.0	NULL
219.10000000000028	2.0	2.15	1.0	tstay_cswitch
221.25000000000026	0.0	0.75	1.0	NULL
222.00000000000026	3.0	2.15	1.0	tswitch_cswitch
224.15000000000032	0.0	0.75	1.0	NULL
224.90000000000032	1.0	2.15	1.0	tstay_cstay
227.0500000000003	0.0	0.25	1.0	NULL
227.3000000000003	3.0	2.15	1.0	tswitch_cswitch
229.4500000000003	0.0	0.5	1.0	NULL
229.9500000000003	2.0	2.15	1.0	tstay_cswitch
232.1000000000003	0.0	0.25	1.0	NULL
232.3500000000003	1.0	2.15	1.0	tstay_cstay
234.5000000000003	0.0	0.25	1.0	NULL
234.7500000000003	1.0	2.15	1.0	tstay_cstay
236.90000000000032	0.0	0.25	1.0	NULL
237.15000000000032	1.0	2.15	1.0	tstay_cstay
239.3000000000003	0.0	0.25	1.0	NULL
239.5500000000003	1.0	2.15	1.0	tstay_cstay
241.7000000000004	0.0	0.0	1.0	NULL
241.7000000000004	3.0	2.15	1.0	tswitch_cswitch
243.8500000000004	0.0	0.25	1.0	NULL
244.1000000000004	3.0	2.15	1.0	tswitch_cswitch
246.25000000000037	0.0	1.25	1.0	NULL
247.50000000000037	3.0	2.15	1.0	tswitch_cswitch
249.65000000000038	0.0	1.5	1.0	NULL
251.15000000000038	2.0	2.15	1.0	tstay_cswitch
253.30000000000038	0.0	0.25	1.0	NULL
253.55000000000038	2.0	2.15	1.0	tstay_cswitch
255.70000000000041	0.0	0.25	1.0	NULL
255.95000000000041	3.0	2.15	1.0	tswitch_cswitch
258.1000000000004	0.0	0.25	1.0	NULL
258.3500000000004	2.0	2.15	1.0	tstay_cswitch
260.5000000000004	0.0	0.25	1.0	NULL
260.7500000000004	3.0	2.15	1.0	tswitch_cswitch
262.9000000000003	0.0	0.25	1.0	NULL
263.1500000000003	3.0	2.15	1.0	tswitch_cswitch
265.3000000000003	0.0	0.25	1.0	NULL
265.5500000000003	3.0	2.15	1.0	tswitch_cswitch
267.70000000000033	0.0	0.25	1.0	NULL
267.95000000000033	1.0	2.15	1.0	tstay_cstay
270.10000000000025	0.0	0.25	1.0	NULL
270.35000000000025	1.0	2.15	1.0	tstay_cstay
272.50000000000017	0.0	0.25	1.0	NULL
272.75000000000017	2.0	2.15	1.0	tstay_cswitch
274.9000000000002	0.0	0.25	1.0	NULL
275.1500000000002	2.0	2.15	1.0	tstay_cswitch
277.3000000000002	0.0	0.25	1.0	NULL
277.5500000000002	3.0	2.15	1.0	tswitch_cswitch
279.70000000000016	0.0	0.25	1.0	NULL
279.95000000000016	2.0	2.15	1.0	tstay_cswitch
282.10000000000014	0.0	0.25	1.0	NULL
282.35000000000014	2.0	2.15	1.0	tstay_cswitch
284.5000000000001	0.0	0.75	1.0	NULL
285.2500000000001	1.0	2.15	1.0	tstay_cstay
287.4000000000001	0.0	1.5	1.0	NULL
288.9000000000001	3.0	2.15	1.0	tswitch_cswitch
291.05000000000007	0.0	0.25	1.0	NULL
291.30000000000007	3.0	2.15	1.0	tswitch_cswitch
293.4500000000001	0.0	0.5	1.0	NULL
293.9500000000001	2.0	2.15	1.0	tstay_cswitch
296.1	0.0	0.25	1.0	NULL
296.35	1.0	2.15	1.0	tstay_cstay
298.5	0.0	1.5	1.0	NULL
300.0	1.0	2.15	1.0	tstay_cstay
302.15	0.0	0.25	1.0	NULL
302.4	3.0	2.15	1.0	tswitch_cswitch
314.5499999999999	0.0	0.75	1.0	NULL
315.2999999999999	3.0	2.15	1.0	tswitch_cswitch
317.44999999999993	0.0	0.75	1.0	NULL
318.19999999999993	1.0	2.15	1.0	tstay_cstay
320.3499999999999	0.0	1.25	1.0	NULL
321.5999999999999	1.0	2.15	1.0	tstay_cstay
323.7499999999999	0.0	0.25	1.0	NULL
323.9999999999999	2.0	2.15	1.0	tstay_cswitch
326.1499999999998	0.0	0.25	1.0	NULL
326.3999999999998	3.0	2.15	1.0	tswitch_cswitch
328.5499999999998	0.0	0.5	1.0	NULL
329.0499999999998	3.0	2.15	1.0	tswitch_cswitch
331.1999999999998	0.0	0.25	1.0	NULL
331.4499999999998	3.0	2.15	1.0	tswitch_cswitch
333.5999999999998	0.0	1.0	1.0	NULL
334.5999999999998	2.0	2.15	1.0	tstay_cswitch
336.74999999999983	0.0	0.25	1.0	NULL
336.99999999999983	3.0	2.15	1.0	tswitch_cswitch
339.14999999999975	0.0	1.25	1.0	NULL
340.39999999999975	3.0	2.15	1.0	tswitch_cswitch
342.54999999999967	0.0	0.75	1.0	NULL
343.29999999999967	3.0	2.15	1.0	tswitch_cswitch
345.4499999999997	0.0	2.25	1.0	NULL
347.6999999999997	2.0	2.15	1.0	tstay_cswitch
349.8499999999997	0.0	3.25	1.0	NULL
353.0999999999997	3.0	2.15	1.0	tswitch_cswitch
355.2499999999997	0.0	0.25	1.0	NULL
355.4999999999997	2.0	2.15	1.0	tstay_cswitch
357.64999999999964	0.0	0.25	1.0	NULL
357.89999999999964	3.0	2.15	1.0	tswitch_cswitch
360.0499999999996	0.0	0.25	1.0	NULL
360.2999999999996	1.0	2.15	1.0	tstay_cstay
362.4499999999996	0.0	0.25	1.0	NULL
362.6999999999996	2.0	2.15	1.0	tstay_cswitch
364.8499999999996	0.0	0.25	1.0	NULL
365.0999999999996	3.0	2.15	1.0	tswitch_cswitch
367.2499999999996	0.0	0.5	1.0	NULL
367.7499999999996	1.0	2.15	1.0	tstay_cstay
369.89999999999947	0.0	0.75	1.0	NULL
370.64999999999947	1.0	2.15	1.0	tstay_cstay
372.79999999999944	0.0	0.25	1.0	NULL
373.04999999999944	3.0	2.15	1.0	tswitch_cswitch
375.1999999999995	0.0	0.5	1.0	NULL
375.6999999999995	3.0	2.15	1.0	tswitch_cswitch
377.84999999999945	0.0	0.25	1.0	NULL
378.09999999999945	3.0	2.15	1.0	tswitch_cswitch
380.2499999999994	0.0	0.0	1.0	NULL
380.2499999999994	1.0	2.15	1.0	tstay_cstay
382.3999999999994	0.0	0.5	1.0	NULL
382.8999999999994	1.0	2.15	1.0	tstay_cstay
385.0499999999994	0.0	0.25	1.0	NULL
385.2999999999994	3.0	2.15	1.0	tswitch_cswitch
387.44999999999936	0.0	1.0	1.0	NULL
388.44999999999936	2.0	2.15	1.0	tstay_cswitch
390.5999999999994	0.0	0.25	1.0	NULL
390.8499999999994	2.0	2.15	1.0	tstay_cswitch
392.9999999999993	0.0	0.25	1.0	NULL
393.2499999999993	2.0	2.15	1.0	tstay_cswitch
395.3999999999993	0.0	0.25	1.0	NULL
395.6499999999993	2.0	2.15	1.0	tstay_cswitch
397.79999999999933	0.0	0.25	1.0	NULL
398.04999999999933	3.0	2.15	1.0	tswitch_cswitch
400.19999999999925	0.0	1.25	1.0	NULL
401.44999999999925	3.0	2.15	1.0	tswitch_cswitch
403.59999999999917	0.0	1.5	1.0	NULL
405.09999999999917	2.0	2.15	1.0	tstay_cswitch
407.24999999999915	0.0	1.75	1.0	NULL
408.99999999999915	2.0	2.15	1.0	tstay_cswitch
411.1499999999992	0.0	1.25	1.0	NULL
412.3999999999992	2.0	2.15	1.0	tstay_cswitch
414.54999999999916	0.0	0.5	1.0	NULL
415.04999999999916	3.0	2.15	1.0	tswitch_cswitch
417.19999999999914	0.0	0.25	1.0	NULL
417.44999999999914	3.0	2.15	1.0	tswitch_cswitch
419.59999999999917	0.0	0.25	1.0	NULL
419.84999999999917	3.0	2.15	1.0	tswitch_cswitch
421.99999999999915	0.0	0.25	1.0	NULL
422.24999999999915	3.0	2.15	1.0	tswitch_cswitch
424.3999999999992	0.0	0.25	1.0	NULL
424.6499999999992	3.0	2.15	1.0	tswitch_cswitch
426.79999999999916	0.0	0.5	1.0	NULL
427.29999999999916	2.0	2.15	1.0	tstay_cswitch
429.449999999999	0.0	0.0	1.0	NULL
429.449999999999	3.0	2.15	1.0	tswitch_cswitch
431.599999999999	0.0	0.25	1.0	NULL
431.849999999999	3.0	2.15	1.0	tswitch_cswitch
433.99999999999903	0.0	0.25	1.0	NULL
434.24999999999903	2.0	2.15	1.0	tstay_cswitch
436.39999999999895	0.0	0.25	1.0	NULL
436.64999999999895	1.0	2.15	1.0	tstay_cstay
438.7999999999989	0.0	0.25	1.0	NULL
439.0499999999989	1.0	2.15	1.0	tstay_cstay
441.19999999999885	0.0	0.25	1.0	NULL
441.44999999999885	1.0	2.15	1.0	tstay_cstay
443.59999999999883	0.0	0.5	1.0	NULL
444.09999999999883	1.0	2.15	1.0	tstay_cstay
446.24999999999886	0.0	0.25	1.0	NULL
446.49999999999886	2.0	2.15	1.0	tstay_cswitch
448.64999999999884	0.0	0.25	1.0	NULL
448.89999999999884	1.0	2.15	1.0	tstay_cstay
451.04999999999876	0.0	0.25	1.0	NULL
451.29999999999876	3.0	2.15	1.0	tswitch_cswitch
453.4499999999988	0.0	0.5	1.0	NULL
453.9499999999988	2.0	2.15	1.0	tstay_cswitch
456.0999999999988	0.0	0.25	1.0	NULL
456.3499999999988	1.0	2.15	1.0	tstay_cstay
458.4999999999988	0.0	0.25	1.0	NULL
458.7499999999988	1.0	2.15	1.0	tstay_cstay
460.8999999999987	0.0	0.0	1.0	NULL
460.8999999999987	2.0	2.15	1.0	tstay_cswitch
463.0499999999987	0.0	1.25	1.0	NULL
464.2999999999987	1.0	2.15	1.0	tstay_cstay
476.4499999999987	0.0	0.75	1.0	NULL
477.1999999999987	2.0	2.15	1.0	tstay_cswitch
479.3499999999986	0.0	0.25	1.0	NULL
479.5999999999986	3.0	2.15	1.0	tswitch_cswitch
481.7499999999985	0.0	0.75	1.0	NULL
482.4999999999985	1.0	2.15	1.0	tstay_cstay
484.6499999999986	0.0	0.5	1.0	NULL
485.1499999999986	1.0	2.15	1.0	tstay_cstay
487.29999999999865	0.0	0.25	1.0	NULL
487.54999999999865	2.0	2.15	1.0	tstay_cswitch
489.69999999999857	0.0	0.25	1.0	NULL
489.94999999999857	1.0	2.15	1.0	tstay_cstay
492.09999999999854	0.0	0.25	1.0	NULL
492.34999999999854	2.0	2.15	1.0	tstay_cswitch
494.49999999999847	0.0	0.75	1.0	NULL
495.24999999999847	2.0	2.15	1.0	tstay_cswitch
497.3999999999985	0.0	0.25	1.0	NULL
497.6499999999985	2.0	2.15	1.0	tstay_cswitch
499.7999999999985	0.0	0.75	1.0	NULL
500.5499999999985	2.0	2.15	1.0	tstay_cswitch
502.69999999999845	0.0	1.0	1.0	NULL
503.69999999999845	2.0	2.15	1.0	tstay_cswitch
505.8499999999984	0.0	0.25	1.0	NULL
506.0999999999984	1.0	2.15	1.0	tstay_cstay
508.2499999999984	0.0	0.25	1.0	NULL
508.4999999999984	2.0	2.15	1.0	tstay_cswitch
510.6499999999984	0.0	0.25	1.0	NULL
510.8999999999984	1.0	2.15	1.0	tstay_cstay
513.0499999999984	0.0	0.5	1.0	NULL
513.5499999999984	3.0	2.15	1.0	tswitch_cswitch
515.6999999999983	0.0	0.25	1.0	NULL
515.9499999999983	1.0	2.15	1.0	tstay_cstay
518.0999999999983	0.0	0.5	1.0	NULL
518.5999999999983	3.0	2.15	1.0	tswitch_cswitch
520.7499999999983	0.0	0.5	1.0	NULL
521.2499999999983	3.0	2.15	1.0	tswitch_cswitch
523.3999999999983	0.0	0.75	1.0	NULL
524.1499999999983	2.0	2.15	1.0	tstay_cswitch
526.2999999999981	0.0	0.25	1.0	NULL
526.5499999999981	3.0	2.15	1.0	tswitch_cswitch
528.6999999999981	0.0	0.25	1.0	NULL
528.9499999999981	2.0	2.15	1.0	tstay_cswitch
531.0999999999982	0.0	0.5	1.0	NULL
531.5999999999982	1.0	2.15	1.0	tstay_cstay
533.7499999999982	0.0	0.25	1.0	NULL
533.9999999999982	3.0	2.15	1.0	tswitch_cswitch
536.1499999999982	0.0	0.75	1.0	NULL
536.8999999999982	2.0	2.15	1.0	tstay_cswitch
539.0499999999981	0.0	0.75	1.0	NULL
539.7999999999981	3.0	2.15	1.0	tswitch_cswitch
541.9499999999981	0.0	0.25	1.0	NULL
542.1999999999981	2.0	2.15	1.0	tstay_cswitch
544.3499999999981	0.0	0.25	1.0	NULL
544.5999999999981	3.0	2.15	1.0	tswitch_cswitch
546.7499999999981	0.0	0.25	1.0	NULL
546.9999999999981	3.0	2.15	1.0	tswitch_cswitch
549.149999999998	0.0	0.25	1.0	NULL
549.399999999998	2.0	2.15	1.0	tstay_cswitch
551.549999999998	0.0	0.0	1.0	NULL
551.549999999998	2.0	2.15	1.0	tstay_cswitch
553.699999999998	0.0	0.25	1.0	NULL
553.949999999998	2.0	2.15	1.0	tstay_cswitch
556.099999999998	0.0	0.75	1.0	NULL
556.849999999998	1.0	2.15	1.0	tstay_cstay
558.9999999999981	0.0	1.5	1.0	NULL
560.4999999999981	3.0	2.15	1.0	tswitch_cswitch
562.6499999999978	0.0	0.75	1.0	NULL
563.3999999999978	3.0	2.15	1.0	tswitch_cswitch
565.5499999999979	0.0	0.25	1.0	NULL
565.7999999999979	2.0	2.15	1.0	tstay_cswitch
567.9499999999979	0.0	0.0	1.0	NULL
567.9499999999979	1.0	2.15	1.0	tstay_cstay
570.0999999999979	0.0	0.25	1.0	NULL
570.3499999999979	2.0	2.15	1.0	tstay_cswitch
572.4999999999978	0.0	1.5	1.0	NULL
573.9999999999978	2.0	2.15	1.0	tstay_cswitch
576.1499999999978	0.0	0.25	1.0	NULL
576.3999999999978	2.0	2.15	1.0	tstay_cswitch
578.5499999999978	0.0	1.25	1.0	NULL
579.7999999999978	3.0	2.15	1.0	tswitch_cswitch
581.9499999999978	0.0	0.25	1.0	NULL
582.1999999999978	2.0	2.15	1.0	tstay_cswitch
584.3499999999977	0.0	0.25	1.0	NULL
584.5999999999977	3.0	2.15	1.0	tswitch_cswitch
586.7499999999978	0.0	0.25	1.0	NULL
586.9999999999978	2.0	2.15	1.0	tstay_cswitch
589.1499999999978	0.0	0.25	1.0	NULL
589.3999999999978	2.0	2.15	1.0	tstay_cswitch
591.5499999999978	0.0	0.25	1.0	NULL
591.7999999999978	2.0	2.15	1.0	tstay_cswitch
593.9499999999978	0.0	0.75	1.0	NULL
594.6999999999978	3.0	2.15	1.0	tswitch_cswitch
596.8499999999976	0.0	0.5	1.0	NULL
597.3499999999976	2.0	2.15	1.0	tstay_cswitch
599.4999999999976	0.0	0.25	1.0	NULL
599.7499999999976	1.0	2.15	1.0	tstay_cstay
601.8999999999976	0.0	0.5	1.0	NULL
602.3999999999976	3.0	2.15	1.0	tswitch_cswitch
604.5499999999977	0.0	0.25	1.0	NULL
604.7999999999977	2.0	2.15	1.0	tstay_cswitch
606.9499999999974	0.0	0.25	1.0	NULL
607.1999999999974	3.0	2.15	1.0	tswitch_cswitch
609.3499999999975	0.0	0.5	1.0	NULL
609.8499999999975	1.0	2.15	1.0	tstay_cstay
611.9999999999975	0.0	0.25	1.0	NULL
612.2499999999975	3.0	2.15	1.0	tswitch_cswitch
614.3999999999975	0.0	1.25	1.0	NULL
615.6499999999975	3.0	2.15	1.0	tswitch_cswitch
617.7999999999975	0.0	0.25	1.0	NULL
618.0499999999975	2.0	2.15	1.0	tstay_cswitch
620.1999999999974	0.0	0.75	1.0	NULL
620.9499999999974	2.0	2.15	1.0	tstay_cswitch
