4.799999999999999
9.85
20.45
23.099999999999998
27.899999999999995
33.449999999999996
51.749999999999986
56.79999999999998
61.84999999999998
64.24999999999997
69.54999999999998
72.44999999999999
75.35
91.75000000000003
97.55000000000004
105.50000000000006
107.90000000000006
113.45000000000007
128.6000000000001
140.85000000000014
143.25000000000014
145.90000000000015
151.20000000000016
154.10000000000016
175.2000000000002
182.1500000000002
185.3000000000002
187.70000000000022
195.40000000000023
198.30000000000024
208.40000000000026
219.50000000000028
231.1000000000003
233.7500000000003
236.65000000000032
239.55000000000032
244.35000000000034
247.00000000000034
256.4500000000004
263.50000000000034
266.1500000000003
278.4000000000002
281.8000000000002
284.45000000000016
287.10000000000014
289.7500000000001
292.1500000000001
299.85
310.04999999999995
312.69999999999993
315.0999999999999
318.2499999999999
325.6999999999998
328.0999999999998
350.3499999999997
358.5499999999996
360.6999999999996
363.09999999999957
375.34999999999945
402.8499999999992
407.6499999999992
414.44999999999914
419.9999999999991
425.29999999999905
435.39999999999895
458.99999999999875
464.2999999999987
480.44999999999857
496.09999999999843
510.6499999999984
513.2999999999984
527.9499999999982
530.3499999999982
537.5499999999981
540.4499999999981
550.049999999998
561.6499999999979
576.2999999999978
578.6999999999978
583.4999999999977
586.1499999999977
591.4499999999977
606.3499999999975
618.9499999999974
632.6999999999973
635.0999999999973
637.4999999999973
639.8999999999972
645.1999999999972
647.8499999999972
650.9999999999972
661.3499999999971
