0.0
2.15
4.549999999999999
25.249999999999996
27.649999999999995
32.699999999999996
35.099999999999994
66.89999999999998
69.29999999999998
71.69999999999999
76.5
81.55000000000001
88.35000000000002
98.20000000000005
109.30000000000007
120.40000000000009
122.8000000000001
137.30000000000013
139.95000000000013
161.05000000000015
164.70000000000016
169.50000000000017
174.30000000000018
176.7000000000002
179.1000000000002
184.6500000000002
192.60000000000022
195.00000000000023
200.05000000000024
211.40000000000026
219.10000000000028
229.9500000000003
251.15000000000035
253.55000000000035
258.35000000000036
272.7500000000002
275.1500000000002
279.95000000000016
282.35000000000014
293.95000000000005
323.9999999999999
334.5999999999998
347.6999999999997
355.49999999999966
362.6999999999996
388.44999999999936
390.84999999999934
393.2499999999993
395.6499999999993
405.0999999999992
408.9999999999992
412.3999999999992
427.29999999999905
434.249999999999
446.49999999999886
453.9499999999988
460.8999999999987
477.1999999999987
487.5499999999986
492.34999999999854
495.2499999999985
497.6499999999985
500.5499999999985
503.69999999999845
508.4999999999984
524.1499999999983
528.9499999999982
536.8999999999982
542.1999999999981
549.399999999998
551.549999999998
553.949999999998
565.7999999999979
570.3499999999979
573.9999999999978
576.3999999999978
582.1999999999978
586.9999999999977
589.3999999999977
591.7999999999977
597.3499999999976
604.7999999999976
618.0499999999975
620.9499999999974
