6.949999999999999
11.75
21.849999999999998
47.59999999999999
56.29999999999998
58.69999999999998
73.85
84.20000000000002
95.80000000000004
111.70000000000007
117.00000000000009
171.90000000000018
182.2500000000002
190.20000000000022
197.65000000000023
202.45000000000024
213.80000000000027
224.9000000000003
232.3500000000003
234.7500000000003
237.15000000000032
239.55000000000032
267.9500000000003
270.35000000000025
285.2500000000001
296.35
300.0
318.19999999999993
321.5999999999999
360.2999999999996
367.74999999999955
370.6499999999995
380.24999999999943
382.8999999999994
436.64999999999895
439.04999999999893
441.4499999999989
444.0999999999989
448.89999999999884
456.3499999999988
458.74999999999875
464.2999999999987
482.49999999999864
485.1499999999986
489.94999999999857
506.09999999999843
510.8999999999984
515.9499999999983
531.5999999999982
556.849999999998
567.9499999999979
599.7499999999976
609.8499999999975
