9.75
12.0
14.25
16.5
19.25
22.25
24.5
27.25
30.25
34.75
36.75
39.25
41.5
44.0
46.5
49.0
53.75
56.0
58.25
61.0
63.75
66.0
68.25
70.75
73.0
75.5
77.5
82.25
84.75
87.25
90.5
92.75
97.25
100.0
102.5
104.75
107.0
109.25
111.5
113.75
116.25
118.5
123.25
125.75
130.25
132.5
135.0
137.25
140.25
142.5
144.75
150.0
162.25
164.75
167.0
169.25
171.5
173.5
175.75
178.25
180.5
182.75
185.0
189.75
192.75
195.0
197.5
199.75
202.0
207.0
212.25
214.5
216.75
219.0
221.25
225.0
227.75
230.5
233.0
235.25
237.75
242.75
245.0
248.0
250.75
253.0
255.75
258.0
260.0
262.5
265.0
267.25
269.5
275.0
277.25
279.5
281.75
284.5
287.5
289.75
292.0
296.0
300.5
305.0
307.5
310.5
312.75
315.25
327.5
329.75
338.75
341.5
345.25
348.0
350.0
352.75
356.0
358.0
360.25
363.0
367.5
369.75
372.0
377.0
379.25
381.75
384.0
386.5
388.75
391.5
394.0
396.25
398.5
401.0
403.25
408.0
410.25
412.5
415.0
418.25
421.25
423.75
425.75
428.0
430.0
432.5
439.5
441.75
444.0
446.75
449.5
451.75
454.0
456.25
458.75
461.0
465.5
468.0
470.75
473.5
477.75
480.25
492.5
494.75
497.0
499.25
504.0
506.25
508.5
510.75
513.25
515.25
517.5
522.25
524.5
527.0
529.5
532.0
534.75
537.25
539.5
543.0
545.5
551.25
554.25
561.0
563.25
566.0
569.25
572.25
574.75
579.25
581.25
583.5
586.25
588.75
591.0
600.25
602.75
605.25
607.25
609.75
612.25
614.75
618.0
622.25
624.75
627.5
631.0
633.5
636.0
638.25
643.0
645.25
