7.596
103.96000000000002
156.53600000000003
192.72800000000004
199.72800000000004
251.41000000000003
259.90000000000003
305.47600000000006
335.56200000000007
343.1580000000001
350.4560000000001
367.7540000000001
404.5420000000001
418.8400000000001
426.1380000000001
433.4360000000001
477.5220000000001
610.9720000000001
678.1440000000001
707.9320000000001
715.5280000000001
740.4220000000001
816.9780000000002
824.2760000000002
862.2560000000002
951.9180000000002
959.2160000000002
980.8120000000002
1004.1960000000003
1012.0900000000003
1019.3880000000001
1026.9840000000002
1070.7720000000002
1086.5600000000002
