37.384
74.47000000000001
81.76800000000001
96.66200000000002
164.13200000000003
171.43000000000004
221.92000000000004
229.51600000000005
236.51600000000005
244.11200000000005
290.28400000000005
297.58200000000005
312.77400000000006
390.2440000000001
455.3300000000001
491.8200000000001
535.9060000000001
603.0780000000001
618.2700000000001
634.0580000000001
685.4420000000001
700.3360000000001
754.4220000000001
783.6140000000001
790.9120000000001
832.4680000000002
854.3620000000002
877.7460000000002
885.0440000000002
892.6400000000002
900.8320000000002
908.4280000000002
944.9180000000002
989.0040000000002
1041.2820000000002
1078.6660000000002
