0.0
2.15
4.549999999999999
6.949999999999999
9.35
11.75
16.8
19.45
21.849999999999998
37.99999999999999
42.79999999999999
44.94999999999999
49.999999999999986
56.29999999999998
59.44999999999998
62.84999999999999
79.25000000000001
84.30000000000003
89.10000000000004
92.00000000000004
102.10000000000007
107.15000000000008
112.20000000000009
114.6000000000001
117.2500000000001
145.80000000000013
148.20000000000013
151.10000000000014
159.30000000000015
161.70000000000016
167.50000000000017
174.7000000000002
182.6500000000002
190.60000000000022
193.00000000000023
200.95000000000024
203.60000000000025
208.90000000000026
216.85000000000028
221.6500000000003
224.0500000000003
233.90000000000032
237.05000000000032
239.70000000000033
242.60000000000034
245.50000000000034
252.55000000000035
255.45000000000036
262.9000000000003
265.3000000000003
270.10000000000025
298.4000000000001
301.30000000000007
309.0
311.9
317.19999999999993
338.89999999999975
344.1999999999997
351.64999999999964
354.2999999999996
357.1999999999996
361.99999999999955
364.3999999999995
367.0499999999995
374.74999999999943
380.7999999999994
386.59999999999934
388.9999999999993
394.5499999999993
396.94999999999925
399.0999999999992
401.7499999999992
404.3999999999992
407.04999999999916
412.5999999999991
418.64999999999907
421.04999999999905
428.749999999999
441.39999999999895
443.79999999999893
445.9499999999989
448.3499999999989
453.14999999999884
458.6999999999988
463.49999999999875
468.2999999999987
471.4499999999987
474.09999999999866
477.99999999999864
483.0499999999986
485.44999999999857
487.84999999999854
496.0499999999985
507.1499999999984
509.79999999999836
512.1999999999983
520.6499999999983
525.9499999999982
534.1499999999982
539.4499999999981
542.0999999999981
557.749999999998
560.3999999999979
563.2999999999979
