6.5
9.25
21.25
23.5
25.75
28.0
30.25
37.25
41.75
53.0
62.5
75.5
78.0
80.25
82.5
96.25
102.0
104.75
107.0
114.75
119.75
126.75
129.5
132.0
142.25
147.75
150.0
156.25
159.0
161.5
163.75
185.75
190.75
196.25
205.25
209.75
212.0
214.25
216.25
226.5
231.25
233.5
237.75
240.25
261.0
269.25
274.0
295.25
299.25
310.5
319.75
327.0
329.5
345.25
356.75
374.5
376.75
379.25
383.75
386.0
403.25
407.75
419.75
422.0
427.5
432.25
449.75
452.0
456.75
459.0
463.5
473.0
480.0
484.5
489.25
505.25
508.0
517.25
522.75
530.0
537.25
544.25
