0.0
2.25
4.25
11.5
14.25
16.5
19.0
32.75
35.0
39.5
44.25
46.5
50.0
55.25
57.75
60.25
64.75
67.0
69.25
71.25
73.25
85.0
87.0
89.25
91.5
93.75
98.5
109.25
111.75
117.25
122.25
124.5
134.25
136.75
139.5
144.5
153.0
166.0
168.75
170.75
173.5
188.5
194.0
198.5
200.75
203.0
207.5
218.75
221.75
224.25
229.0
235.75
242.75
245.5
248.5
251.25
253.75
255.75
258.25
264.75
267.0
271.5
277.0
279.75
282.0
284.5
287.25
290.0
293.0
297.25
301.75
304.5
307.75
313.0
315.0
317.5
322.0
324.25
331.75
334.25
337.0
339.75
342.5
347.5
350.0
352.25
354.5
359.5
361.75
381.5
388.5
390.75
393.25
396.0
398.75
401.0
405.5
410.25
412.75
415.25
417.75
424.25
429.75
434.5
436.75
439.0
442.0
444.25
447.25
454.25
461.5
465.75
468.25
470.5
475.5
477.75
482.25
487.0
491.5
494.25
496.5
498.5
500.75
503.0
510.25
512.75
515.0
520.25
525.5
527.75
532.25
534.5
539.5
542.0
