0.0
13.0
15.25
17.5
19.75
24.25
26.5
32.5
34.75
37.5
39.75
42.0
44.25
47.5
49.75
51.75
57.0
59.25
61.5
63.75
66.0
68.25
74.0
76.75
79.0
85.0
90.25
93.0
95.25
98.5
103.0
115.25
118.0
120.75
123.5
126.75
129.75
132.75
135.0
137.25
139.5
144.0
148.75
151.0
153.5
155.75
158.0
161.0
163.25
165.5
168.25
170.5
172.75
177.25
180.25
185.5
187.75
190.0
192.25
194.5
197.0
199.25
203.75
206.25
211.0
214.25
216.75
229.25
231.5
236.0
238.25
240.25
245.75
247.75
250.0
252.25
255.0
257.25
261.75
264.0
266.25
269.0
271.75
274.5
278.0
281.75
286.5
289.0
291.5
293.75
298.25
303.0
306.0
308.25
314.0
316.25
320.25
324.0
326.25
329.0
331.25
333.5
345.75
350.25
356.5
359.25
363.75
366.75
369.0
371.25
374.25
378.75
383.75
386.75
389.25
391.5
393.75
396.0
401.25
403.5
406.5
408.75
411.0
413.25
416.75
419.25
423.75
426.0
428.5
430.75
433.5
435.75
438.5
441.0
443.5
446.0
460.75
468.0
470.25
472.5
477.75
480.0
482.25
484.5
486.75
489.0
491.25
493.5
495.75
501.5
503.75
506.0
508.75
511.5
516.5
518.75
521.0
525.5
527.75
530.0
533.0
535.75
538.75
541.0
543.25
545.5
550.75
556.5
559.5
562.5
