0.0	0.0	0.0	1.0	NULL
0.0	3.0	6.0	1.0	con
6.0	0.0	0.25	1.0	NULL
6.25	3.0	6.0	1.0	con
12.25	0.0	0.25	1.0	NULL
12.5	3.0	6.0	1.0	con
18.5	0.0	0.25	1.0	NULL
18.75	2.0	6.0	1.0	neg
24.75	0.0	0.25	1.0	NULL
25.0	1.0	6.0	1.0	pos
31.0	0.0	0.0	1.0	NULL
31.0	2.0	6.0	1.0	neg
37.0	0.0	0.5	1.0	NULL
37.5	2.0	6.0	1.0	neg
43.5	0.0	0.25	1.0	NULL
43.75	2.0	6.0	1.0	neg
49.75	0.0	0.5	1.0	NULL
50.25	2.0	6.0	1.0	neg
56.25	0.0	1.5	1.0	NULL
57.75	1.0	6.0	1.0	pos
63.75	0.0	0.25	1.0	NULL
64.0	1.0	6.0	1.0	pos
70.0	0.0	0.5	1.0	NULL
70.5	1.0	6.0	1.0	pos
76.5	0.0	0.0	1.0	NULL
76.5	3.0	6.0	1.0	con
82.5	0.0	0.5	1.0	NULL
83.0	1.0	6.0	1.0	pos
89.0	0.0	0.0	1.0	NULL
89.0	1.0	6.0	1.0	pos
95.0	0.0	0.5	1.0	NULL
95.5	2.0	6.0	1.0	neg
101.5	0.0	0.25	1.0	NULL
101.75	3.0	6.0	1.0	con
107.75	0.0	0.5	1.0	NULL
108.25	1.0	6.0	1.0	pos
114.25	0.0	0.75	1.0	NULL
115.0	1.0	6.0	1.0	pos
121.0	0.0	0.75	1.0	NULL
121.75	3.0	6.0	1.0	con
127.75	0.0	1.25	1.0	NULL
129.0	2.0	6.0	1.0	neg
135.0	0.0	0.25	1.0	NULL
135.25	2.0	6.0	1.0	neg
141.25	0.0	0.25	1.0	NULL
141.5	1.0	6.0	1.0	pos
147.5	0.0	0.5	1.0	NULL
148.0	1.0	6.0	1.0	pos
154.0	0.0	0.5	1.0	NULL
154.5	1.0	6.0	1.0	pos
160.5	0.0	0.25	1.0	NULL
160.75	1.0	6.0	1.0	pos
166.75	0.0	0.5	1.0	NULL
167.25	2.0	6.0	1.0	neg
173.25	0.0	0.25	1.0	NULL
173.5	3.0	6.0	1.0	con
179.5	0.0	0.25	1.0	NULL
179.75	2.0	6.0	1.0	neg
185.75	0.0	1.0	1.0	NULL
186.75	2.0	6.0	1.0	neg
192.75	0.0	0.5	1.0	NULL
193.25	1.0	6.0	1.0	pos
199.25	0.0	0.0	1.0	NULL
199.25	1.0	6.0	1.0	pos
215.25	0.0	0.25	1.0	NULL
215.5	1.0	6.0	1.0	pos
221.5	0.0	0.25	1.0	NULL
221.75	2.0	6.0	1.0	neg
227.75	0.0	0.5	1.0	NULL
228.25	1.0	6.0	1.0	pos
234.25	0.0	0.25	1.0	NULL
234.5	3.0	6.0	1.0	con
240.5	0.0	0.75	1.0	NULL
241.25	3.0	6.0	1.0	con
247.25	0.0	0.5	1.0	NULL
247.75	1.0	6.0	1.0	pos
253.75	0.0	0.75	1.0	NULL
254.5	3.0	6.0	1.0	con
260.5	0.0	0.75	1.0	NULL
261.25	3.0	6.0	1.0	con
267.25	0.0	0.5	1.0	NULL
267.75	1.0	6.0	1.0	pos
273.75	0.0	0.25	1.0	NULL
274.0	3.0	6.0	1.0	con
280.0	0.0	0.75	1.0	NULL
280.75	2.0	6.0	1.0	neg
286.75	0.0	0.25	1.0	NULL
287.0	3.0	6.0	1.0	con
293.0	0.0	0.25	1.0	NULL
293.25	1.0	6.0	1.0	pos
299.25	0.0	0.25	1.0	NULL
299.5	2.0	6.0	1.0	neg
305.5	0.0	0.75	1.0	NULL
306.25	1.0	6.0	1.0	pos
312.25	0.0	0.25	1.0	NULL
312.5	3.0	6.0	1.0	con
318.5	0.0	1.25	1.0	NULL
319.75	1.0	6.0	1.0	pos
325.75	0.0	0.5	1.0	NULL
326.25	1.0	6.0	1.0	pos
332.25	0.0	0.75	1.0	NULL
333.0	1.0	6.0	1.0	pos
339.0	0.0	0.5	1.0	NULL
339.5	2.0	6.0	1.0	neg
345.5	0.0	0.0	1.0	NULL
345.5	1.0	6.0	1.0	pos
351.5	0.0	1.75	1.0	NULL
353.25	1.0	6.0	1.0	pos
359.25	0.0	0.5	1.0	NULL
359.75	2.0	6.0	1.0	neg
365.75	0.0	0.25	1.0	NULL
366.0	2.0	6.0	1.0	neg
372.0	0.0	0.25	1.0	NULL
372.25	1.0	6.0	1.0	pos
378.25	0.0	0.25	1.0	NULL
378.5	1.0	6.0	1.0	pos
384.5	0.0	0.25	1.0	NULL
384.75	1.0	6.0	1.0	pos
390.75	0.0	0.5	1.0	NULL
391.25	2.0	6.0	1.0	neg
397.25	0.0	0.25	1.0	NULL
397.5	1.0	6.0	1.0	pos
403.5	0.0	0.25	1.0	NULL
403.75	1.0	6.0	1.0	pos
409.75	0.0	0.25	1.0	NULL
410.0	1.0	6.0	1.0	pos
416.0	0.0	0.25	1.0	NULL
416.25	2.0	6.0	1.0	neg
432.25	0.0	0.5	1.0	NULL
432.75	1.0	6.0	1.0	pos
438.75	0.0	0.25	1.0	NULL
439.0	2.0	6.0	1.0	neg
445.0	0.0	0.25	1.0	NULL
445.25	1.0	6.0	1.0	pos
451.25	0.0	0.25	1.0	NULL
451.5	1.0	6.0	1.0	pos
457.5	0.0	0.5	1.0	NULL
458.0	2.0	6.0	1.0	neg
464.0	0.0	0.0	1.0	NULL
464.0	1.0	6.0	1.0	pos
470.0	0.0	0.25	1.0	NULL
470.25	3.0	6.0	1.0	con
476.25	0.0	1.0	1.0	NULL
477.25	2.0	6.0	1.0	neg
483.25	0.0	0.25	1.0	NULL
483.5	1.0	6.0	1.0	pos
489.5	0.0	0.5	1.0	NULL
490.0	1.0	6.0	1.0	pos
496.0	0.0	0.75	1.0	NULL
496.75	1.0	6.0	1.0	pos
502.75	0.0	0.0	1.0	NULL
502.75	2.0	6.0	1.0	neg
508.75	0.0	0.0	1.0	NULL
508.75	1.0	6.0	1.0	pos
514.75	0.0	1.0	1.0	NULL
515.75	1.0	6.0	1.0	pos
521.75	0.0	0.5	1.0	NULL
522.25	3.0	6.0	1.0	con
528.25	0.0	0.5	1.0	NULL
528.75	3.0	6.0	1.0	con
534.75	0.0	0.0	1.0	NULL
534.75	3.0	6.0	1.0	con
540.75	0.0	0.5	1.0	NULL
541.25	1.0	6.0	1.0	pos
547.25	0.0	1.25	1.0	NULL
548.5	1.0	6.0	1.0	pos
554.5	0.0	0.75	1.0	NULL
555.25	2.0	6.0	1.0	neg
561.25	0.0	0.25	1.0	NULL
561.5	1.0	6.0	1.0	pos
567.5	0.0	0.5	1.0	NULL
568.0	1.0	6.0	1.0	pos
574.0	0.0	0.25	1.0	NULL
574.25	3.0	6.0	1.0	con
580.25	0.0	0.5	1.0	NULL
580.75	3.0	6.0	1.0	con
586.75	0.0	0.5	1.0	NULL
587.25	1.0	6.0	1.0	pos
593.25	0.0	0.5	1.0	NULL
593.75	1.0	6.0	1.0	pos
599.75	0.0	0.75	1.0	NULL
600.5	1.0	6.0	1.0	pos
606.5	0.0	0.25	1.0	NULL
606.75	1.0	6.0	1.0	pos
612.75	0.0	0.5	1.0	NULL
613.25	1.0	6.0	1.0	pos
619.25	0.0	0.75	1.0	NULL
620.0	1.0	6.0	1.0	pos
626.0	0.0	1.0	1.0	NULL
627.0	3.0	6.0	1.0	con
633.0	0.0	1.25	1.0	NULL
634.25	1.0	6.0	1.0	pos
