0.0
2.25
4.75
7.0
9.25
11.5
13.75
16.0
18.5
20.75
25.75
31.0
33.25
35.5
40.75
42.75
45.0
47.5
49.75
52.0
57.5
59.75
62.0
69.25
71.5
73.75
76.5
78.75
81.5
83.75
86.0
88.0
90.5
96.0
98.25
110.75
113.0
115.5
117.75
122.0
124.25
126.5
133.75
136.0
138.25
143.0
147.5
149.75
152.0
154.25
158.75
163.75
165.75
167.75
170.0
173.5
175.75
183.5
185.75
188.0
193.5
195.75
198.25
200.5
203.25
206.25
210.75
224.0
233.0
237.5
239.75
242.0
244.75
247.0
249.5
254.5
256.75
259.0
262.0
264.25
266.5
269.0
273.5
275.75
278.25
281.0
284.0
286.25
289.25
291.5
293.75
296.75
305.25
309.5
311.75
314.5
317.0
319.25
322.25
325.0
330.25
342.75
346.75
349.0
351.25
354.5
356.75
359.25
361.75
363.75
368.5
370.75
378.75
382.0
387.75
390.0
393.25
399.0
401.25
403.5
406.0
408.75
411.5
413.75
419.25
421.5
424.0
426.25
428.5
430.75
435.5
438.5
440.75
443.0
447.5
459.75
462.0
464.75
467.0
471.25
473.5
475.75
478.25
488.5
490.75
493.0
498.25
500.5
502.75
507.75
517.0
522.25
524.5
529.0
531.5
533.75
536.0
539.0
541.5
543.75
545.75
550.5
552.75
558.0
560.25
562.5
