0.0
2.25
4.75
7.0
9.5
12.0
16.5
18.75
24.75
27.25
29.75
32.25
34.5
39.25
45.25
47.5
53.0
55.5
58.0
60.25
71.75
74.0
84.75
95.0
100.0
105.25
107.75
113.0
115.25
117.5
119.75
122.25
124.25
129.0
134.5
136.75
141.75
144.0
151.25
159.0
161.25
169.25
171.5
176.5
191.75
196.75
199.0
204.5
206.75
209.0
211.5
214.5
219.0
222.0
224.25
226.5
229.25
231.75
234.0
241.0
243.25
247.75
251.25
253.75
256.25
258.75
264.5
267.0
270.0
272.0
274.75
277.0
284.5
289.0
291.25
300.25
303.25
311.0
325.75
328.0
330.25
332.5
335.25
340.75
343.5
346.25
350.75
353.25
356.25
358.5
361.25
363.5
368.75
371.25
384.0
386.5
396.25
398.5
402.75
405.25
407.5
410.25
418.5
421.0
425.5
427.75
432.5
434.75
437.0
439.5
444.25
447.0
450.0
456.5
459.0
461.25
463.5
466.0
468.0
472.5
474.5
483.75
491.0
496.0
499.5
502.25
504.5
507.0
511.5
516.0
518.25
520.75
523.0
526.0
528.5
531.0
535.5
537.5
539.75
542.0
547.75
552.25
555.5
557.5
