0.0
2.5
5.0
7.5
14.25
19.0
23.25
31.25
33.5
35.75
38.5
42.0
47.5
50.0
52.5
55.0
57.5
59.75
63.0
65.75
68.25
76.0
80.75
83.25
85.75
88.25
91.0
98.75
101.0
108.0
110.25
112.5
114.75
117.0
121.75
124.0
129.5
132.0
139.0
143.75
146.0
149.25
153.75
156.25
158.25
160.5
175.0
177.25
182.75
185.25
190.75
193.0
200.75
204.0
209.0
214.75
226.25
228.75
231.0
233.75
236.5
241.5
249.25
251.5
256.5
264.0
269.5
272.5
278.0
280.25
295.5
303.25
305.5
308.75
311.25
322.75
327.0
329.25
351.5
353.75
358.0
360.5
363.0
381.5
391.0
393.25
395.75
398.0
419.5
424.0
441.5
443.75
448.25
463.25
484.75
491.25
498.5
500.75
503.5
522.0
524.0
528.25
535.25
556.0
565.5
582.75
584.75
587.0
589.75
594.25
613.0
620.75
625.5
630.75
637.25
652.75
661.25
666.0
668.5
670.75
