24.470000000000002
33.364000000000004
77.11200000000004
89.79400000000004
106.86000000000006
116.94600000000007
134.22400000000007
139.11800000000008
161.5020000000001
178.78000000000011
197.84600000000012
202.74000000000012
212.91200000000012
224.99800000000013
259.25600000000014
266.74600000000015
269.04400000000015
273.93800000000016
335.9840000000002
341.7720000000002
354.45400000000024
386.41400000000027
401.0960000000003
415.7780000000003
440.54600000000033
447.44000000000034
456.93000000000035
480.80400000000037
493.7840000000004
509.6580000000004
526.9360000000004
579.6640000000004
593.7500000000005
608.1340000000005
642.0940000000005
659.9680000000005
664.5640000000005
672.0540000000005
674.3520000000005
682.1400000000006
684.4380000000006
703.4180000000006
712.6100000000006
714.9080000000006
717.5040000000006
719.5040000000006
724.9940000000006
727.5900000000006
729.8880000000006
784.7020000000007
