4.894
11.49
26.470000000000002
28.470000000000002
40.55600000000001
65.32400000000003
112.05200000000006
131.92600000000007
146.3100000000001
174.1840000000001
195.54800000000012
215.21000000000012
261.55400000000014
282.83200000000016
294.6200000000002
296.9180000000002
299.2160000000002
323.6000000000002
333.0900000000002
356.75200000000024
359.05000000000024
361.34800000000024
371.43400000000025
382.11600000000027
384.11600000000027
398.7980000000003
450.03600000000034
454.63200000000035
478.20800000000037
484.2940000000004
486.8900000000004
491.4860000000004
496.3800000000004
511.95600000000036
533.8300000000004
565.1940000000004
573.8760000000004
584.8560000000004
591.4520000000005
600.9420000000005
618.2200000000005
624.3060000000005
626.6040000000005
649.5840000000005
652.4780000000005
700.8220000000006
755.9340000000007
773.5100000000007
778.1060000000007
780.1060000000007
