0.0
2.25
4.75
7.0
9.25
12.0
14.5
16.75
19.0
21.25
23.5
32.0
34.25
36.5
38.75
41.0
43.5
45.75
54.5
57.0
62.25
64.5
69.75
72.0
77.75
80.25
82.5
84.75
87.0
89.5
95.25
97.5
102.0
114.5
116.75
121.25
126.75
129.25
131.5
133.75
136.25
138.75
143.0
145.5
147.75
150.0
152.25
159.75
162.5
165.5
170.25
172.5
175.25
177.5
180.0
182.25
188.25
190.5
192.75
195.0
197.25
199.5
202.0
204.25
206.75
212.25
214.5
228.5
231.0
233.5
235.75
238.0
240.25
244.75
247.25
249.25
251.75
254.0
259.75
262.0
266.5
269.75
272.25
275.25
280.0
283.5
286.25
288.5
291.0
293.5
297.75
300.0
302.25
304.75
307.0
310.0
312.75
315.25
317.75
320.0
324.5
326.75
329.75
342.0
345.0
347.5
349.5
351.75
355.0
357.25
359.5
364.5
369.0
371.75
375.25
377.5
380.0
382.25
385.0
387.25
392.0
394.25
396.5
399.25
402.5
404.5
407.0
414.0
416.25
419.5
423.0
425.25
428.5
430.75
433.5
438.0
442.75
444.75
457.0
459.25
461.5
467.5
470.25
472.5
475.0
477.75
482.25
485.0
487.25
489.5
492.75
495.0
498.0
503.0
505.5
507.75
510.0
512.25
514.5
517.0
519.75
522.0
524.25
527.25
532.5
535.25
541.25
543.5
546.25
548.75
553.5
557.25
559.75
562.5
