0.0
2.5
16.25
19.0
21.25
23.75
26.0
28.5
30.75
33.0
35.25
42.25
44.75
47.5
55.5
57.75
60.0
62.75
65.25
70.0
77.25
79.5
82.0
84.0
88.75
91.25
93.75
96.0
98.25
110.5
114.0
116.0
120.25
122.5
124.75
127.0
130.0
133.0
135.5
137.75
140.25
145.5
147.75
150.0
152.25
155.75
158.25
160.25
162.5
164.75
167.0
172.75
176.0
178.25
180.75
182.75
185.0
188.5
191.25
196.25
198.5
201.0
203.25
205.75
208.25
210.75
213.75
226.0
231.0
233.5
235.75
239.25
241.5
243.75
246.0
249.0
251.5
254.0
259.0
261.75
264.0
266.25
268.5
270.75
273.5
278.5
280.75
283.75
286.0
288.5
291.25
293.5
298.0
300.75
303.25
305.5
307.75
310.0
312.25
314.5
317.0
321.5
324.75
327.0
339.75
342.75
345.25
350.0
352.5
354.75
359.75
362.5
365.0
367.25
370.25
372.5
374.75
376.75
382.75
385.0
388.25
390.25
392.75
395.75
398.0
400.5
405.5
408.25
410.75
412.75
415.0
417.5
420.75
423.75
426.0
432.0
434.25
438.0
440.25
442.5
444.5
456.75
459.0
462.0
464.5
466.5
471.75
474.0
478.25
483.0
485.25
489.25
491.5
494.0
497.0
501.25
510.25
512.5
514.5
516.75
519.0
521.5
524.25
527.25
529.5
534.25
536.5
538.75
540.75
543.0
545.25
547.5
549.75
552.5
555.0
