0.0
11.5
13.5
16.0
18.25
23.0
25.25
32.5
34.75
37.0
39.25
41.5
43.75
46.0
48.25
50.5
52.75
65.0
67.25
70.0
72.5
74.75
77.5
79.75
84.25
86.5
92.0
94.25
96.5
116.75
119.0
121.75
125.25
128.0
130.5
137.75
140.0
142.5
144.75
147.75
154.25
158.5
160.5
162.75
166.0
168.25
170.5
172.75
175.0
182.0
184.25
187.0
189.25
194.0
200.0
205.0
209.75
212.0
215.5
227.75
233.25
236.5
241.0
243.25
246.5
252.5
255.75
258.0
260.25
263.75
265.75
268.0
270.25
274.75
277.0
280.25
283.5
286.25
291.0
294.25
299.25
301.25
306.0
308.5
311.0
313.25
316.25
318.5
321.25
326.25
333.75
346.0
348.25
350.5
352.5
358.5
360.75
363.0
365.25
372.25
374.5
379.0
382.25
384.5
387.5
390.0
393.25
398.0
401.75
407.0
409.25
411.5
413.75
416.0
418.25
423.0
427.75
432.75
437.5
439.75
442.5
446.25
448.5
461.25
464.75
467.0
472.0
474.25
478.75
481.25
485.5
487.75
490.5
493.0
497.5
502.0
504.5
507.25
509.5
512.0
514.75
517.25
524.75
529.25
532.0
537.0
541.5
550.75
553.0
555.5
560.25
562.5
