0.0
13.0
15.25
17.5
26.25
28.5
30.75
33.0
35.25
41.0
51.0
53.25
55.75
62.0
64.5
66.75
75.0
77.25
79.5
81.75
84.0
94.75
97.0
99.0
104.25
106.5
119.0
121.25
124.0
128.5
131.0
133.25
135.5
137.75
140.0
142.25
145.25
147.5
152.0
154.5
156.75
159.25
161.5
165.0
167.25
169.5
171.75
174.0
179.5
182.0
184.25
187.5
189.75
192.0
194.25
197.0
201.75
204.75
207.0
209.25
211.75
214.5
216.5
218.75
231.0
235.75
238.0
240.25
242.5
244.75
248.75
251.0
253.25
257.0
259.25
263.5
265.75
267.75
270.5
273.0
275.25
277.5
283.5
285.75
288.5
290.75
293.25
295.25
297.5
301.75
304.0
307.25
309.5
312.5
315.0
317.75
320.0
324.25
329.0
331.75
334.5
346.75
349.0
351.25
356.0
358.75
360.75
365.25
368.0
370.25
372.5
374.75
377.0
379.0
381.25
386.5
389.0
391.25
395.0
397.25
401.0
403.5
405.75
411.75
414.25
417.0
419.25
422.75
425.25
427.5
430.0
433.0
437.5
441.75
444.0
446.25
448.25
450.25
462.5
464.75
467.0
469.25
471.5
477.75
480.25
484.75
490.75
493.0
495.0
497.25
499.5
502.25
506.75
517.0
519.0
521.5
524.25
527.5
529.75
531.75
534.0
536.5
541.0
543.25
545.5
547.75
550.5
553.25
555.5
557.75
560.25
562.5
