11.5
13.75
16.25
20.75
23.0
32.5
46.5
51.5
53.75
56.0
60.5
65.5
75.5
78.5
80.75
83.5
86.75
98.25
100.5
102.75
105.5
107.75
110.0
112.25
127.5
139.25
145.0
151.75
154.25
156.5
159.0
161.25
163.5
165.75
184.5
186.5
191.5
193.75
198.75
205.5
208.0
210.25
215.0
217.25
226.0
235.5
237.75
252.75
255.0
259.75
262.0
279.0
281.25
288.75
292.25
294.5
296.75
299.75
302.0
306.5
311.0
313.25
315.5
321.0
323.5
331.5
334.0
336.75
341.5
346.5
348.75
351.0
355.5
357.5
362.5
377.25
380.0
382.25
401.25
403.5
408.0
412.75
415.0
417.5
422.0
426.75
433.5
440.25
442.5
459.25
461.75
471.0
475.5
478.25
480.25
482.25
