0.0
11.5
18.5
20.75
23.0
35.25
39.75
42.0
51.5
56.0
60.5
63.0
67.75
70.25
72.75
75.5
80.75
100.5
102.75
107.75
110.0
112.25
130.0
132.5
134.75
137.0
141.75
154.25
156.5
161.25
163.5
165.75
168.0
175.5
180.0
182.5
184.5
188.75
196.0
198.75
212.5
217.25
226.0
230.25
232.5
250.5
257.5
259.75
262.0
266.5
268.75
274.0
276.75
279.0
281.25
292.25
294.5
296.75
299.75
302.0
306.5
323.5
326.5
331.5
334.0
336.75
341.5
346.5
348.75
351.0
355.5
357.5
362.5
377.25
380.0
382.25
401.25
403.5
408.0
412.75
417.5
429.0
431.25
440.25
442.5
449.75
452.5
454.75
457.0
459.25
469.0
475.5
478.25
480.25
482.25
484.75
