0.0	0.0	0.0	1.0	NULL
0.0	1.0	2.0	1.0	mismatch
2.0	0.0	0.25	1.0	NULL
2.25	1.0	2.0	1.0	mismatch
4.25	0.0	1.0	1.0	NULL
5.25	1.0	2.0	1.0	mismatch
7.25	0.0	0.25	1.0	NULL
7.5	1.0	2.0	1.0	mismatch
9.5	0.0	0.0	1.0	NULL
9.5	1.0	2.0	1.0	mismatch
11.5	0.0	0.25	1.0	NULL
11.75	1.0	2.0	1.0	mismatch
13.75	0.0	0.25	1.0	NULL
14.0	1.0	2.0	1.0	mismatch
16.0	0.0	0.25	1.0	NULL
16.25	1.0	2.0	1.0	mismatch
18.25	0.0	0.25	1.0	NULL
18.5	2.0	2.0	1.0	match
20.5	0.0	0.25	1.0	NULL
20.75	2.0	2.0	1.0	match
22.75	0.0	0.25	1.0	NULL
23.0	2.0	2.0	1.0	match
25.0	0.0	0.25	1.0	NULL
25.25	1.0	2.0	1.0	mismatch
27.25	0.0	0.25	1.0	NULL
27.5	1.0	2.0	1.0	mismatch
29.5	0.0	0.25	1.0	NULL
29.75	1.0	2.0	1.0	mismatch
31.75	0.0	0.25	1.0	NULL
32.0	1.0	2.0	1.0	mismatch
34.0	0.0	0.75	1.0	NULL
34.75	1.0	2.0	1.0	mismatch
36.75	0.0	0.25	1.0	NULL
37.0	1.0	2.0	1.0	mismatch
39.0	0.0	1.75	1.0	NULL
40.75	1.0	2.0	1.0	mismatch
42.75	0.0	0.25	1.0	NULL
43.0	1.0	2.0	1.0	mismatch
45.0	0.0	0.25	1.0	NULL
45.25	2.0	2.0	1.0	match
47.25	0.0	0.25	1.0	NULL
47.5	1.0	2.0	1.0	mismatch
49.5	0.0	0.25	1.0	NULL
49.75	1.0	2.0	1.0	mismatch
51.75	0.0	0.5	1.0	NULL
52.25	1.0	2.0	1.0	mismatch
54.25	0.0	0.75	1.0	NULL
55.0	1.0	2.0	1.0	mismatch
57.0	0.0	1.25	1.0	NULL
58.25	1.0	2.0	1.0	mismatch
60.25	0.0	1.5	1.0	NULL
61.75	1.0	2.0	1.0	mismatch
63.75	0.0	1.25	1.0	NULL
65.0	1.0	2.0	1.0	mismatch
67.0	0.0	0.5	1.0	NULL
67.5	2.0	2.0	1.0	match
69.5	0.0	0.25	1.0	NULL
69.75	1.0	2.0	1.0	mismatch
71.75	0.0	0.5	1.0	NULL
72.25	1.0	2.0	1.0	mismatch
74.25	0.0	1.25	1.0	NULL
75.5	2.0	2.0	1.0	match
77.5	0.0	0.25	1.0	NULL
77.75	1.0	2.0	1.0	mismatch
79.75	0.0	0.25	1.0	NULL
80.0	1.0	2.0	1.0	mismatch
82.0	0.0	0.75	1.0	NULL
82.75	1.0	2.0	1.0	mismatch
84.75	0.0	0.0	1.0	NULL
84.75	1.0	2.0	1.0	mismatch
86.75	0.0	1.25	1.0	NULL
88.0	2.0	2.0	1.0	match
90.0	0.0	0.25	1.0	NULL
90.25	1.0	2.0	1.0	mismatch
92.25	0.0	0.5	1.0	NULL
92.75	1.0	2.0	1.0	mismatch
94.75	0.0	0.25	1.0	NULL
95.0	1.0	2.0	1.0	mismatch
97.0	0.0	0.0	1.0	NULL
97.0	1.0	2.0	1.0	mismatch
99.0	0.0	0.5	1.0	NULL
99.5	1.0	2.0	1.0	mismatch
101.5	0.0	0.75	1.0	NULL
102.25	1.0	2.0	1.0	mismatch
104.25	0.0	0.75	1.0	NULL
105.0	1.0	2.0	1.0	mismatch
107.0	0.0	0.25	1.0	NULL
107.25	1.0	2.0	1.0	mismatch
109.25	0.0	0.75	1.0	NULL
110.0	2.0	2.0	1.0	match
112.0	0.0	1.0	1.0	NULL
113.0	1.0	2.0	1.0	mismatch
115.0	0.0	0.25	1.0	NULL
115.25	1.0	2.0	1.0	mismatch
117.25	0.0	0.25	1.0	NULL
117.5	1.0	2.0	1.0	mismatch
119.5	0.0	0.5	1.0	NULL
120.0	1.0	2.0	1.0	mismatch
122.0	0.0	1.25	1.0	NULL
123.25	1.0	2.0	1.0	mismatch
125.25	0.0	0.75	1.0	NULL
126.0	1.0	2.0	1.0	mismatch
128.0	0.0	0.25	1.0	NULL
128.25	1.0	2.0	1.0	mismatch
130.25	0.0	0.25	1.0	NULL
130.5	1.0	2.0	1.0	mismatch
132.5	0.0	0.5	1.0	NULL
133.0	1.0	2.0	1.0	mismatch
135.0	0.0	0.5	1.0	NULL
135.5	2.0	2.0	1.0	match
137.5	0.0	1.5	1.0	NULL
139.0	2.0	2.0	1.0	match
141.0	0.0	0.25	1.0	NULL
141.25	2.0	2.0	1.0	match
143.25	0.0	0.75	1.0	NULL
144.0	1.0	2.0	1.0	mismatch
146.0	0.0	1.0	1.0	NULL
147.0	1.0	2.0	1.0	mismatch
149.0	0.0	1.0	1.0	NULL
150.0	1.0	2.0	1.0	mismatch
162.0	0.0	1.0	1.0	NULL
163.0	1.0	2.0	1.0	mismatch
165.0	0.0	0.25	1.0	NULL
165.25	1.0	2.0	1.0	mismatch
167.25	0.0	0.5	1.0	NULL
167.75	1.0	2.0	1.0	mismatch
169.75	0.0	0.25	1.0	NULL
170.0	1.0	2.0	1.0	mismatch
172.0	0.0	0.25	1.0	NULL
172.25	1.0	2.0	1.0	mismatch
174.25	0.0	0.25	1.0	NULL
174.5	1.0	2.0	1.0	mismatch
176.5	0.0	0.25	1.0	NULL
176.75	2.0	2.0	1.0	match
178.75	0.0	0.0	1.0	NULL
178.75	1.0	2.0	1.0	mismatch
180.75	0.0	0.5	1.0	NULL
181.25	1.0	2.0	1.0	mismatch
183.25	0.0	0.25	1.0	NULL
183.5	1.0	2.0	1.0	mismatch
185.5	0.0	0.25	1.0	NULL
185.75	1.0	2.0	1.0	mismatch
187.75	0.0	0.25	1.0	NULL
188.0	1.0	2.0	1.0	mismatch
190.0	0.0	0.25	1.0	NULL
190.25	2.0	2.0	1.0	match
192.25	0.0	0.25	1.0	NULL
192.5	1.0	2.0	1.0	mismatch
194.5	0.0	0.25	1.0	NULL
194.75	1.0	2.0	1.0	mismatch
196.75	0.0	0.25	1.0	NULL
197.0	1.0	2.0	1.0	mismatch
199.0	0.0	0.5	1.0	NULL
199.5	1.0	2.0	1.0	mismatch
201.5	0.0	0.75	1.0	NULL
202.25	2.0	2.0	1.0	match
204.25	0.0	0.25	1.0	NULL
204.5	2.0	2.0	1.0	match
206.5	0.0	0.25	1.0	NULL
206.75	1.0	2.0	1.0	mismatch
208.75	0.0	0.25	1.0	NULL
209.0	1.0	2.0	1.0	mismatch
211.0	0.0	0.25	1.0	NULL
211.25	1.0	2.0	1.0	mismatch
213.25	0.0	0.5	1.0	NULL
213.75	1.0	2.0	1.0	mismatch
215.75	0.0	0.25	1.0	NULL
216.0	1.0	2.0	1.0	mismatch
218.0	0.0	0.5	1.0	NULL
218.5	2.0	2.0	1.0	match
220.5	0.0	0.25	1.0	NULL
220.75	2.0	2.0	1.0	match
222.75	0.0	0.0	1.0	NULL
222.75	2.0	2.0	1.0	match
224.75	0.0	0.0	1.0	NULL
224.75	2.0	2.0	1.0	match
226.75	0.0	0.25	1.0	NULL
227.0	1.0	2.0	1.0	mismatch
229.0	0.0	1.0	1.0	NULL
230.0	1.0	2.0	1.0	mismatch
232.0	0.0	0.5	1.0	NULL
232.5	1.0	2.0	1.0	mismatch
234.5	0.0	0.5	1.0	NULL
235.0	1.0	2.0	1.0	mismatch
237.0	0.0	0.25	1.0	NULL
237.25	1.0	2.0	1.0	mismatch
239.25	0.0	0.25	1.0	NULL
239.5	1.0	2.0	1.0	mismatch
241.5	0.0	0.25	1.0	NULL
241.75	1.0	2.0	1.0	mismatch
243.75	0.0	0.25	1.0	NULL
244.0	2.0	2.0	1.0	match
246.0	0.0	0.25	1.0	NULL
246.25	1.0	2.0	1.0	mismatch
248.25	0.0	0.5	1.0	NULL
248.75	2.0	2.0	1.0	match
250.75	0.0	0.25	1.0	NULL
251.0	1.0	2.0	1.0	mismatch
253.0	0.0	0.25	1.0	NULL
253.25	1.0	2.0	1.0	mismatch
255.25	0.0	0.5	1.0	NULL
255.75	1.0	2.0	1.0	mismatch
257.75	0.0	0.25	1.0	NULL
258.0	1.0	2.0	1.0	mismatch
260.0	0.0	0.25	1.0	NULL
260.25	1.0	2.0	1.0	mismatch
262.25	0.0	0.25	1.0	NULL
262.5	1.0	2.0	1.0	mismatch
264.5	0.0	0.25	1.0	NULL
264.75	2.0	2.0	1.0	match
266.75	0.0	0.25	1.0	NULL
267.0	1.0	2.0	1.0	mismatch
269.0	0.0	0.25	1.0	NULL
269.25	2.0	2.0	1.0	match
271.25	0.0	1.25	1.0	NULL
272.5	1.0	2.0	1.0	mismatch
274.5	0.0	1.0	1.0	NULL
275.5	1.0	2.0	1.0	mismatch
277.5	0.0	0.5	1.0	NULL
278.0	1.0	2.0	1.0	mismatch
280.0	0.0	0.25	1.0	NULL
280.25	1.0	2.0	1.0	mismatch
282.25	0.0	0.5	1.0	NULL
282.75	1.0	2.0	1.0	mismatch
284.75	0.0	0.75	1.0	NULL
285.5	1.0	2.0	1.0	mismatch
287.5	0.0	0.5	1.0	NULL
288.0	1.0	2.0	1.0	mismatch
290.0	0.0	0.5	1.0	NULL
290.5	2.0	2.0	1.0	match
292.5	0.0	0.5	1.0	NULL
293.0	1.0	2.0	1.0	mismatch
295.0	0.0	0.25	1.0	NULL
295.25	1.0	2.0	1.0	mismatch
297.25	0.0	0.25	1.0	NULL
297.5	1.0	2.0	1.0	mismatch
299.5	0.0	0.25	1.0	NULL
299.75	1.0	2.0	1.0	mismatch
301.75	0.0	0.5	1.0	NULL
302.25	1.0	2.0	1.0	mismatch
314.25	0.0	1.0	1.0	NULL
315.25	1.0	2.0	1.0	mismatch
317.25	0.0	0.25	1.0	NULL
317.5	1.0	2.0	1.0	mismatch
319.5	0.0	0.5	1.0	NULL
320.0	2.0	2.0	1.0	match
322.0	0.0	0.5	1.0	NULL
322.5	1.0	2.0	1.0	mismatch
324.5	0.0	0.25	1.0	NULL
324.75	1.0	2.0	1.0	mismatch
326.75	0.0	0.25	1.0	NULL
327.0	1.0	2.0	1.0	mismatch
329.0	0.0	0.5	1.0	NULL
329.5	1.0	2.0	1.0	mismatch
331.5	0.0	0.75	1.0	NULL
332.25	1.0	2.0	1.0	mismatch
334.25	0.0	0.75	1.0	NULL
335.0	1.0	2.0	1.0	mismatch
337.0	0.0	0.0	1.0	NULL
337.0	1.0	2.0	1.0	mismatch
339.0	0.0	0.25	1.0	NULL
339.25	2.0	2.0	1.0	match
341.25	0.0	0.0	1.0	NULL
341.25	1.0	2.0	1.0	mismatch
343.25	0.0	0.25	1.0	NULL
343.5	2.0	2.0	1.0	match
345.5	0.0	0.75	1.0	NULL
346.25	1.0	2.0	1.0	mismatch
348.25	0.0	0.25	1.0	NULL
348.5	1.0	2.0	1.0	mismatch
350.5	0.0	0.25	1.0	NULL
350.75	2.0	2.0	1.0	match
352.75	0.0	0.25	1.0	NULL
353.0	1.0	2.0	1.0	mismatch
355.0	0.0	0.5	1.0	NULL
355.5	2.0	2.0	1.0	match
357.5	0.0	0.75	1.0	NULL
358.25	2.0	2.0	1.0	match
360.25	0.0	0.25	1.0	NULL
360.5	2.0	2.0	1.0	match
362.5	0.0	0.75	1.0	NULL
363.25	2.0	2.0	1.0	match
365.25	0.0	0.25	1.0	NULL
365.5	1.0	2.0	1.0	mismatch
367.5	0.0	0.0	1.0	NULL
367.5	1.0	2.0	1.0	mismatch
369.5	0.0	0.25	1.0	NULL
369.75	1.0	2.0	1.0	mismatch
371.75	0.0	0.5	1.0	NULL
372.25	1.0	2.0	1.0	mismatch
374.25	0.0	0.75	1.0	NULL
375.0	1.0	2.0	1.0	mismatch
377.0	0.0	0.0	1.0	NULL
377.0	1.0	2.0	1.0	mismatch
379.0	0.0	0.75	1.0	NULL
379.75	2.0	2.0	1.0	match
381.75	0.0	0.25	1.0	NULL
382.0	1.0	2.0	1.0	mismatch
384.0	0.0	0.25	1.0	NULL
384.25	1.0	2.0	1.0	mismatch
386.25	0.0	0.25	1.0	NULL
386.5	1.0	2.0	1.0	mismatch
388.5	0.0	0.5	1.0	NULL
389.0	1.0	2.0	1.0	mismatch
391.0	0.0	0.5	1.0	NULL
391.5	1.0	2.0	1.0	mismatch
393.5	0.0	0.25	1.0	NULL
393.75	1.0	2.0	1.0	mismatch
395.75	0.0	0.25	1.0	NULL
396.0	1.0	2.0	1.0	mismatch
398.0	0.0	0.25	1.0	NULL
398.25	1.0	2.0	1.0	mismatch
400.25	0.0	0.75	1.0	NULL
401.0	1.0	2.0	1.0	mismatch
403.0	0.0	0.75	1.0	NULL
403.75	2.0	2.0	1.0	match
405.75	0.0	0.5	1.0	NULL
406.25	1.0	2.0	1.0	mismatch
408.25	0.0	1.75	1.0	NULL
410.0	1.0	2.0	1.0	mismatch
412.0	0.0	0.5	1.0	NULL
412.5	1.0	2.0	1.0	mismatch
414.5	0.0	0.5	1.0	NULL
415.0	1.0	2.0	1.0	mismatch
417.0	0.0	1.0	1.0	NULL
418.0	1.0	2.0	1.0	mismatch
420.0	0.0	0.5	1.0	NULL
420.5	2.0	2.0	1.0	match
422.5	0.0	1.0	1.0	NULL
423.5	1.0	2.0	1.0	mismatch
425.5	0.0	0.25	1.0	NULL
425.75	1.0	2.0	1.0	mismatch
427.75	0.0	0.25	1.0	NULL
428.0	1.0	2.0	1.0	mismatch
430.0	0.0	0.75	1.0	NULL
430.75	1.0	2.0	1.0	mismatch
432.75	0.0	0.5	1.0	NULL
433.25	1.0	2.0	1.0	mismatch
435.25	0.0	0.5	1.0	NULL
435.75	1.0	2.0	1.0	mismatch
437.75	0.0	0.25	1.0	NULL
438.0	2.0	2.0	1.0	match
440.0	0.0	0.25	1.0	NULL
440.25	1.0	2.0	1.0	mismatch
442.25	0.0	0.5	1.0	NULL
442.75	1.0	2.0	1.0	mismatch
444.75	0.0	1.0	1.0	NULL
445.75	1.0	2.0	1.0	mismatch
447.75	0.0	0.25	1.0	NULL
448.0	1.0	2.0	1.0	mismatch
450.0	0.0	1.25	1.0	NULL
451.25	1.0	2.0	1.0	mismatch
453.25	0.0	1.0	1.0	NULL
454.25	1.0	2.0	1.0	mismatch
456.25	0.0	0.0	1.0	NULL
456.25	1.0	2.0	1.0	mismatch
458.25	0.0	0.75	1.0	NULL
459.0	1.0	2.0	1.0	mismatch
461.0	0.0	0.25	1.0	NULL
461.25	2.0	2.0	1.0	match
473.25	0.0	0.5	1.0	NULL
473.75	1.0	2.0	1.0	mismatch
475.75	0.0	0.5	1.0	NULL
476.25	1.0	2.0	1.0	mismatch
478.25	0.0	0.0	1.0	NULL
478.25	1.0	2.0	1.0	mismatch
480.25	0.0	0.5	1.0	NULL
480.75	1.0	2.0	1.0	mismatch
482.75	0.0	0.25	1.0	NULL
483.0	1.0	2.0	1.0	mismatch
485.0	0.0	0.25	1.0	NULL
485.25	1.0	2.0	1.0	mismatch
487.25	0.0	0.25	1.0	NULL
487.5	1.0	2.0	1.0	mismatch
489.5	0.0	0.25	1.0	NULL
489.75	1.0	2.0	1.0	mismatch
491.75	0.0	0.0	1.0	NULL
491.75	1.0	2.0	1.0	mismatch
493.75	0.0	0.0	1.0	NULL
493.75	2.0	2.0	1.0	match
495.75	0.0	0.25	1.0	NULL
496.0	1.0	2.0	1.0	mismatch
498.0	0.0	0.0	1.0	NULL
498.0	2.0	2.0	1.0	match
500.0	0.0	0.25	1.0	NULL
500.25	1.0	2.0	1.0	mismatch
502.25	0.0	0.5	1.0	NULL
502.75	1.0	2.0	1.0	mismatch
504.75	0.0	0.5	1.0	NULL
505.25	1.0	2.0	1.0	mismatch
507.25	0.0	0.25	1.0	NULL
507.5	1.0	2.0	1.0	mismatch
509.5	0.0	0.25	1.0	NULL
509.75	1.0	2.0	1.0	mismatch
511.75	0.0	0.25	1.0	NULL
512.0	1.0	2.0	1.0	mismatch
514.0	0.0	0.25	1.0	NULL
514.25	2.0	2.0	1.0	match
516.25	0.0	0.25	1.0	NULL
516.5	2.0	2.0	1.0	match
518.5	0.0	0.5	1.0	NULL
519.0	1.0	2.0	1.0	mismatch
521.0	0.0	0.25	1.0	NULL
521.25	2.0	2.0	1.0	match
523.25	0.0	0.25	1.0	NULL
523.5	1.0	2.0	1.0	mismatch
525.5	0.0	0.5	1.0	NULL
526.0	1.0	2.0	1.0	mismatch
528.0	0.0	0.25	1.0	NULL
528.25	1.0	2.0	1.0	mismatch
530.25	0.0	0.25	1.0	NULL
530.5	1.0	2.0	1.0	mismatch
532.5	0.0	0.25	1.0	NULL
532.75	1.0	2.0	1.0	mismatch
534.75	0.0	0.25	1.0	NULL
535.0	2.0	2.0	1.0	match
537.0	0.0	0.25	1.0	NULL
537.25	1.0	2.0	1.0	mismatch
539.25	0.0	0.5	1.0	NULL
539.75	1.0	2.0	1.0	mismatch
541.75	0.0	0.25	1.0	NULL
542.0	2.0	2.0	1.0	match
544.0	0.0	0.5	1.0	NULL
544.5	2.0	2.0	1.0	match
546.5	0.0	0.25	1.0	NULL
546.75	1.0	2.0	1.0	mismatch
548.75	0.0	0.25	1.0	NULL
549.0	2.0	2.0	1.0	match
551.0	0.0	0.75	1.0	NULL
551.75	1.0	2.0	1.0	mismatch
553.75	0.0	0.5	1.0	NULL
554.25	1.0	2.0	1.0	mismatch
556.25	0.0	0.5	1.0	NULL
556.75	1.0	2.0	1.0	mismatch
558.75	0.0	0.5	1.0	NULL
559.25	1.0	2.0	1.0	mismatch
561.25	0.0	0.25	1.0	NULL
561.5	1.0	2.0	1.0	mismatch
563.5	0.0	0.25	1.0	NULL
563.75	1.0	2.0	1.0	mismatch
565.75	0.0	0.5	1.0	NULL
566.25	1.0	2.0	1.0	mismatch
568.25	0.0	0.0	1.0	NULL
568.25	1.0	2.0	1.0	mismatch
570.25	0.0	1.0	1.0	NULL
571.25	2.0	2.0	1.0	match
573.25	0.0	0.0	1.0	NULL
573.25	2.0	2.0	1.0	match
575.25	0.0	0.0	1.0	NULL
575.25	1.0	2.0	1.0	mismatch
577.25	0.0	0.25	1.0	NULL
577.5	1.0	2.0	1.0	mismatch
579.5	0.0	0.25	1.0	NULL
579.75	1.0	2.0	1.0	mismatch
581.75	0.0	0.5	1.0	NULL
582.25	1.0	2.0	1.0	mismatch
584.25	0.0	1.25	1.0	NULL
585.5	1.0	2.0	1.0	mismatch
587.5	0.0	0.5	1.0	NULL
588.0	1.0	2.0	1.0	mismatch
590.0	0.0	0.25	1.0	NULL
590.25	1.0	2.0	1.0	mismatch
592.25	0.0	0.25	1.0	NULL
592.5	2.0	2.0	1.0	match
594.5	0.0	0.25	1.0	NULL
594.75	1.0	2.0	1.0	mismatch
596.75	0.0	0.75	1.0	NULL
597.5	1.0	2.0	1.0	mismatch
599.5	0.0	0.5	1.0	NULL
600.0	1.0	2.0	1.0	mismatch
602.0	0.0	0.5	1.0	NULL
602.5	1.0	2.0	1.0	mismatch
604.5	0.0	0.25	1.0	NULL
604.75	1.0	2.0	1.0	mismatch
606.75	0.0	0.25	1.0	NULL
607.0	2.0	2.0	1.0	match
609.0	0.0	0.0	1.0	NULL
609.0	2.0	2.0	1.0	match
611.0	0.0	0.5	1.0	NULL
611.5	1.0	2.0	1.0	mismatch
