0.0
14.75
22.25
29.25
36.5
38.75
41.0
50.75
53.0
60.25
71.75
81.0
83.5
100.5
117.5
122.75
147.75
152.25
156.5
159.0
161.25
163.5
165.75
168.25
175.0
187.25
191.75
194.0
196.25
198.75
201.0
205.25
207.75
213.25
223.75
229.25
233.75
236.0
259.75
262.0
268.25
270.75
287.75
299.5
311.25
313.5
315.75
328.25
330.5
339.25
345.5
350.5
358.0
367.25
378.5
380.75
383.75
388.75
393.75
407.25
409.25
412.0
417.25
439.25
441.5
447.0
462.75
465.0
472.0
474.25
476.5
493.5
502.5
507.0
514.75
519.5
521.75
534.75
540.0
542.25
547.0
