0.0
2.25
5.25
7.5
9.5
11.75
14.0
16.25
25.25
27.5
29.75
32.0
34.75
37.0
40.75
43.0
47.5
49.75
52.25
55.0
58.25
61.75
65.0
69.75
72.25
77.75
80.0
82.75
84.75
90.25
92.75
95.0
97.0
99.5
102.25
105.0
107.25
113.0
115.25
117.5
120.0
123.25
126.0
128.25
130.5
133.0
144.0
147.0
150.0
163.0
165.25
167.75
170.0
172.25
174.5
178.75
181.25
183.5
185.75
188.0
192.5
194.75
197.0
199.5
206.75
209.0
211.25
213.75
216.0
227.0
230.0
232.5
235.0
237.25
239.5
241.75
246.25
251.0
253.25
255.75
258.0
260.25
262.5
267.0
272.5
275.5
278.0
280.25
282.75
285.5
288.0
293.0
295.25
297.5
299.75
302.25
315.25
317.5
322.5
324.75
327.0
329.5
332.25
335.0
337.0
341.25
346.25
348.5
353.0
365.5
367.5
369.75
372.25
375.0
377.0
382.0
384.25
386.5
389.0
391.5
393.75
396.0
398.25
401.0
406.25
410.0
412.5
415.0
418.0
423.5
425.75
428.0
430.75
433.25
435.75
440.25
442.75
445.75
448.0
451.25
454.25
456.25
459.0
473.75
476.25
478.25
480.75
483.0
485.25
487.5
489.75
491.75
496.0
500.25
502.75
505.25
507.5
509.75
512.0
519.0
523.5
526.0
528.25
530.5
532.75
537.25
539.75
546.75
551.75
554.25
556.75
559.25
561.5
563.75
566.25
568.25
575.25
577.5
579.75
582.25
585.5
588.0
590.25
594.75
597.5
600.0
602.5
604.75
611.5
