0.0
12.25
19.0
22.5
27.25
29.5
31.75
34.25
36.5
38.75
41.5
43.5
46.0
52.5
54.5
57.0
59.5
65.75
68.0
70.5
72.75
75.0
77.0
79.5
81.75
87.0
89.5
92.5
94.75
97.25
101.0
118.25
121.0
123.5
125.75
128.0
130.25
132.5
137.75
140.5
143.0
145.25
147.75
150.25
157.5
160.0
162.75
165.0
167.25
169.5
172.75
175.25
178.0
180.25
189.25
191.5
194.25
198.75
201.25
203.5
205.75
214.25
216.25
218.5
231.0
236.25
238.75
241.75
244.0
246.25
251.75
254.0
256.25
258.5
261.0
263.25
265.25
276.5
278.5
280.75
284.0
286.5
291.25
293.75
299.25
302.0
307.25
309.25
313.0
315.25
317.75
320.0
322.25
324.5
327.25
329.5
336.5
352.5
354.75
357.0
361.5
368.0
370.25
372.5
377.5
385.25
387.5
389.75
392.0
394.25
396.5
398.75
401.25
403.75
405.75
411.25
413.75
416.25
418.5
420.75
425.25
427.5
429.75
433.25
435.75
440.25
442.5
444.75
447.0
449.25
464.75
467.25
469.75
472.0
474.75
480.25
482.5
487.25
489.75
492.0
494.5
499.0
506.5
508.75
510.75
513.0
515.25
517.5
520.0
524.75
530.0
538.25
540.5
543.0
550.25
552.5
554.75
560.25
562.5
