0.0
4.596
16.384
21.278000000000002
30.172000000000004
39.662
90.30400000000003
121.07200000000006
131.45600000000007
153.5420000000001
174.60800000000012
176.90600000000012
179.50200000000012
182.39600000000013
204.05800000000016
215.84600000000017
235.7200000000002
267.08400000000023
271.38200000000023
278.87200000000024
289.55400000000026
302.2360000000003
314.8320000000003
331.2160000000003
346.4940000000003
357.17600000000033
366.96400000000034
375.85800000000035
380.45400000000035
382.75200000000035
404.03000000000037
406.9240000000004
409.2220000000004
433.9900000000004
441.7780000000004
444.3740000000004
448.9700000000004
474.24800000000045
478.84400000000045
493.22800000000046
541.3600000000005
548.8500000000005
553.1480000000005
562.9360000000005
579.3200000000005
583.9160000000005
604.5980000000005
638.4720000000005
662.6440000000006
679.6240000000006
713.8820000000006
734.6500000000007
737.5440000000007
771.8020000000007
