2.298
50.854000000000006
53.45
70.43000000000002
77.32400000000003
79.62200000000003
84.21800000000003
92.60200000000003
95.19800000000004
99.79400000000004
116.47600000000006
128.56200000000007
140.94600000000008
158.7340000000001
163.9260000000001
208.65400000000017
218.44200000000018
228.2300000000002
238.3160000000002
242.9120000000002
247.5080000000002
250.4020000000002
255.89200000000022
257.8920000000002
259.8920000000002
262.1900000000002
273.68000000000023
276.27600000000024
284.95800000000025
287.25600000000026
297.9380000000003
326.6200000000003
351.3880000000003
368.96400000000034
394.24200000000036
411.5200000000004
426.7980000000004
451.2680000000004
453.56600000000043
456.16200000000043
471.95000000000044
491.22800000000046
495.22800000000046
502.7180000000005
515.1020000000004
517.4000000000004
519.4000000000004
527.7840000000004
532.6780000000005
536.1680000000005
546.2540000000005
555.1480000000005
569.8300000000005
574.4260000000005
590.8100000000005
595.4060000000005
600.3000000000005
628.6840000000005
631.2800000000005
633.5780000000005
643.0680000000006
645.3660000000006
649.9620000000006
652.2600000000006
654.5580000000006
659.7500000000006
665.5380000000006
667.5380000000006
677.3260000000006
695.2000000000006
699.7960000000006
702.0940000000006
718.7760000000006
724.2660000000006
731.1600000000007
740.1400000000007
742.7360000000007
752.5240000000007
755.4180000000007
769.5040000000007
