7.0
37.384
44.384
58.980000000000004
66.57600000000001
111.85400000000003
127.94000000000003
172.92000000000004
195.70800000000006
203.30400000000006
261.39000000000004
268.68800000000005
292.07200000000006
314.26400000000007
344.3500000000001
351.6480000000001
391.4360000000001
398.7340000000001
406.0320000000001
444.0120000000001
480.5020000000001
510.2900000000001
573.4420000000001
580.7400000000001
609.6340000000001
646.1240000000001
654.3160000000001
684.7000000000002
722.6800000000002
769.4680000000002
838.4280000000002
845.7260000000002
1008.9640000000003
1085.2220000000002
