0.0
14.596
29.788000000000004
81.47000000000001
135.83400000000003
188.41000000000005
225.49600000000007
239.79400000000007
254.39000000000004
284.47600000000006
328.86000000000007
376.5420000000001
384.1380000000001
458.6080000000001
495.69400000000013
502.99200000000013
517.5880000000001
526.6740000000001
550.3560000000001
566.1440000000001
595.6340000000001
616.9320000000001
639.1240000000001
661.6140000000001
692.2960000000002
707.4880000000002
714.4880000000002
747.8720000000002
754.8720000000002
762.1700000000002
784.3620000000002
792.2560000000002
890.4080000000002
898.0040000000002
912.6000000000003
919.8980000000003
965.7720000000003
987.3680000000003
994.3680000000003
1016.5600000000003
1055.4340000000002
