0.0
6.086
53.622000000000014
76.77400000000003
79.07200000000003
81.37000000000003
91.45600000000005
104.43600000000006
106.73400000000007
119.71400000000008
122.60800000000009
126.90600000000009
136.9920000000001
141.8860000000001
147.07800000000012
178.05800000000013
180.65400000000014
200.01800000000017
215.5940000000002
220.4880000000002
227.0840000000002
246.36200000000022
255.8520000000002
258.1500000000002
262.7460000000002
264.7460000000002
271.6400000000002
277.1300000000002
281.7260000000002
300.49400000000026
303.09000000000026
305.38800000000026
307.68600000000026
322.58000000000027
325.1760000000003
330.6660000000003
332.9640000000003
350.2420000000003
352.5400000000003
357.1360000000003
359.1360000000003
367.7320000000003
370.0300000000003
383.60600000000034
388.50000000000034
390.50000000000034
395.39400000000035
408.37400000000036
418.1620000000004
420.4600000000004
425.3540000000004
427.9500000000004
452.4200000000004
461.9100000000004
467.40000000000043
482.59200000000044
505.06200000000047
516.2540000000005
561.7040000000005
583.2800000000005
592.1740000000005
613.4520000000006
639.5380000000006
646.4320000000006
660.2200000000006
694.7760000000006
703.9680000000006
706.8620000000006
714.0540000000007
