2.596
8.682
16.768
21.662
26.258
28.854
39.834
42.132000000000005
51.32400000000001
55.920000000000016
61.112000000000016
86.56200000000004
89.15800000000004
96.35000000000005
115.11800000000008
132.0980000000001
134.3960000000001
139.5880000000001
144.1840000000001
151.67400000000012
165.97200000000012
168.27000000000012
175.76000000000013
186.44200000000015
197.12400000000017
206.40200000000019
211.2960000000002
213.5940000000002
224.7860000000002
233.9780000000002
248.36200000000022
250.95800000000023
260.4480000000002
279.4280000000002
284.0240000000002
289.21600000000024
291.51400000000024
294.70600000000024
309.98400000000026
328.3680000000003
344.7520000000003
347.0500000000003
355.1360000000003
361.1360000000003
372.3280000000003
374.6260000000003
377.2220000000003
397.69200000000035
410.37400000000036
412.67200000000037
423.3540000000004
430.5460000000004
434.8440000000004
440.3340000000004
442.3340000000004
447.8240000000004
456.7180000000004
465.10200000000043
488.08200000000045
490.38000000000045
497.57200000000046
507.36000000000047
509.36000000000047
511.65800000000047
513.9560000000005
520.8500000000005
524.0420000000005
533.5320000000005
541.0220000000005
543.3200000000005
545.3200000000005
550.2140000000005
554.8100000000005
556.8100000000005
564.0020000000005
566.3000000000005
568.8960000000005
571.1940000000005
573.4920000000005
585.2800000000005
587.5780000000005
590.1740000000005
594.4720000000005
616.0480000000006
618.3460000000006
632.9420000000006
637.2400000000006
641.8360000000006
649.0280000000006
657.9220000000006
663.1140000000006
666.6040000000006
672.0940000000006
674.3920000000006
676.6900000000006
683.2860000000006
687.5840000000006
692.4780000000006
697.0740000000006
699.6700000000006
701.9680000000006
711.4580000000007
720.4380000000007
726.8220000000007
735.7160000000007
740.3120000000007
742.6100000000007
749.2060000000007
751.5040000000007
754.3980000000007
761.5900000000007
779.8480000000008
