0.0	0.0	0.0	1.0	NULL
0.0	4.0	2.0	1.0	stop_incongruent
1.9999999999999998	0.0	0.8939999999999999	1.0	NULL
2.8939999999999997	2.0	2.0	1.0	go_incongruent
4.894	0.0	0.596	1.0	NULL
5.49	1.0	2.0	1.0	go_congruent
7.489999999999999	0.0	0.298	1.0	NULL
7.787999999999999	2.0	2.0	1.0	go_incongruent
9.788	0.0	0.8939999999999999	1.0	NULL
10.682	3.0	2.0	1.0	stop_congruent
12.682	0.0	1.192	1.0	NULL
13.874	3.0	2.0	1.0	stop_congruent
15.873999999999999	0.0	0.596	1.0	NULL
16.47	4.0	2.0	1.0	stop_incongruent
18.47	0.0	0.596	1.0	NULL
19.066	2.0	2.0	1.0	go_incongruent
21.066000000000003	0.0	0.298	1.0	NULL
21.364	1.0	2.0	1.0	go_congruent
23.364	0.0	0.298	1.0	NULL
23.662	1.0	2.0	1.0	go_congruent
25.662000000000003	0.0	0.298	1.0	NULL
25.96	4.0	2.0	1.0	stop_incongruent
27.960000000000008	0.0	0.298	1.0	NULL
28.258000000000006	2.0	2.0	1.0	go_incongruent
30.258000000000006	0.0	0.0	1.0	NULL
30.258000000000006	1.0	2.0	1.0	go_congruent
32.258	0.0	1.192	1.0	NULL
33.45	4.0	2.0	1.0	stop_incongruent
35.45000000000001	0.0	0.298	1.0	NULL
35.74800000000001	1.0	2.0	1.0	go_congruent
37.748000000000005	0.0	0.298	1.0	NULL
38.04600000000001	4.0	2.0	1.0	stop_incongruent
40.046000000000014	0.0	0.8939999999999999	1.0	NULL
40.94000000000001	3.0	2.0	1.0	stop_congruent
42.94	0.0	0.8939999999999999	1.0	NULL
43.833999999999996	3.0	2.0	1.0	stop_congruent
45.834	0.0	1.192	1.0	NULL
47.026	1.0	2.0	1.0	go_congruent
49.026	0.0	0.0	1.0	NULL
49.026	2.0	2.0	1.0	go_incongruent
51.02600000000001	0.0	0.298	1.0	NULL
51.32400000000001	2.0	2.0	1.0	go_incongruent
53.32400000000001	0.0	2.384	1.0	NULL
55.70800000000001	1.0	2.0	1.0	go_congruent
57.708000000000006	0.0	0.298	1.0	NULL
58.00600000000001	1.0	2.0	1.0	go_congruent
60.00600000000001	0.0	0.298	1.0	NULL
60.30400000000001	1.0	2.0	1.0	go_congruent
62.30400000000001	0.0	0.8939999999999999	1.0	NULL
63.19800000000001	3.0	2.0	1.0	stop_congruent
65.19800000000001	0.0	0.298	1.0	NULL
65.49600000000001	3.0	2.0	1.0	stop_congruent
67.49600000000001	0.0	0.298	1.0	NULL
67.79400000000001	2.0	2.0	1.0	go_incongruent
69.79400000000001	0.0	0.298	1.0	NULL
70.09200000000001	2.0	2.0	1.0	go_incongruent
72.09200000000001	0.0	0.596	1.0	NULL
72.68800000000002	4.0	2.0	1.0	stop_incongruent
74.68800000000002	0.0	0.596	1.0	NULL
75.28400000000002	1.0	2.0	1.0	go_congruent
77.28400000000002	0.0	0.8939999999999999	1.0	NULL
78.17800000000003	2.0	2.0	1.0	go_incongruent
80.17800000000003	0.0	0.298	1.0	NULL
80.47600000000003	3.0	2.0	1.0	stop_congruent
82.47600000000003	0.0	0.0	1.0	NULL
82.47600000000003	2.0	2.0	1.0	go_incongruent
84.47600000000003	0.0	0.298	1.0	NULL
84.77400000000003	1.0	2.0	1.0	go_congruent
86.77400000000003	0.0	0.596	1.0	NULL
87.37000000000003	4.0	2.0	1.0	stop_incongruent
89.37000000000003	0.0	0.298	1.0	NULL
89.66800000000003	3.0	2.0	1.0	stop_congruent
91.66800000000003	0.0	0.596	1.0	NULL
92.26400000000004	2.0	2.0	1.0	go_incongruent
94.26400000000004	0.0	0.298	1.0	NULL
94.56200000000004	4.0	2.0	1.0	stop_incongruent
96.56200000000004	0.0	0.298	1.0	NULL
96.86000000000004	4.0	2.0	1.0	stop_incongruent
98.86000000000004	0.0	0.298	1.0	NULL
99.15800000000004	4.0	2.0	1.0	stop_incongruent
101.15800000000003	0.0	0.298	1.0	NULL
101.45600000000003	2.0	2.0	1.0	go_incongruent
103.45600000000003	0.0	0.0	1.0	NULL
103.45600000000003	1.0	2.0	1.0	go_congruent
105.45600000000003	0.0	0.298	1.0	NULL
105.75400000000003	3.0	2.0	1.0	stop_congruent
107.75400000000003	0.0	0.298	1.0	NULL
108.05200000000004	2.0	2.0	1.0	go_incongruent
110.05200000000004	0.0	0.298	1.0	NULL
110.35000000000004	1.0	2.0	1.0	go_congruent
112.35000000000005	0.0	0.8939999999999999	1.0	NULL
113.24400000000006	2.0	2.0	1.0	go_incongruent
115.24400000000006	0.0	0.298	1.0	NULL
115.54200000000006	1.0	2.0	1.0	go_congruent
117.54200000000006	0.0	0.298	1.0	NULL
117.84000000000006	1.0	2.0	1.0	go_congruent
119.84000000000006	0.0	0.298	1.0	NULL
120.13800000000006	3.0	2.0	1.0	stop_congruent
122.13800000000008	0.0	0.8939999999999999	1.0	NULL
123.03200000000008	1.0	2.0	1.0	go_congruent
125.03200000000007	0.0	0.298	1.0	NULL
125.33000000000007	4.0	2.0	1.0	stop_incongruent
127.33000000000007	0.0	0.0	1.0	NULL
127.33000000000007	1.0	2.0	1.0	go_congruent
129.33000000000007	0.0	0.298	1.0	NULL
129.62800000000007	3.0	2.0	1.0	stop_congruent
131.62800000000007	0.0	0.298	1.0	NULL
131.92600000000007	4.0	2.0	1.0	stop_incongruent
133.92600000000007	0.0	0.298	1.0	NULL
134.22400000000007	2.0	2.0	1.0	go_incongruent
136.22400000000007	0.0	0.298	1.0	NULL
136.52200000000008	4.0	2.0	1.0	stop_incongruent
138.52200000000008	0.0	0.298	1.0	NULL
138.82000000000008	4.0	2.0	1.0	stop_incongruent
140.82000000000008	0.0	1.49	1.0	NULL
142.3100000000001	2.0	2.0	1.0	go_incongruent
144.3100000000001	0.0	0.0	1.0	NULL
144.3100000000001	4.0	2.0	1.0	stop_incongruent
146.3100000000001	0.0	0.298	1.0	NULL
146.6080000000001	2.0	2.0	1.0	go_incongruent
158.6080000000001	0.0	0.8939999999999999	1.0	NULL
159.5020000000001	4.0	2.0	1.0	stop_incongruent
161.5020000000001	0.0	0.596	1.0	NULL
162.0980000000001	3.0	2.0	1.0	stop_congruent
164.0980000000001	0.0	0.596	1.0	NULL
164.6940000000001	1.0	2.0	1.0	go_congruent
166.6940000000001	0.0	0.298	1.0	NULL
166.9920000000001	1.0	2.0	1.0	go_congruent
168.9920000000001	0.0	0.0	1.0	NULL
168.9920000000001	3.0	2.0	1.0	stop_congruent
170.99200000000008	0.0	1.192	1.0	NULL
172.18400000000008	2.0	2.0	1.0	go_incongruent
174.1840000000001	0.0	0.596	1.0	NULL
174.78000000000011	3.0	2.0	1.0	stop_congruent
176.78000000000011	0.0	0.596	1.0	NULL
177.37600000000012	4.0	2.0	1.0	stop_incongruent
179.37600000000012	0.0	0.0	1.0	NULL
179.37600000000012	2.0	2.0	1.0	go_incongruent
181.37600000000006	0.0	0.596	1.0	NULL
181.97200000000007	2.0	2.0	1.0	go_incongruent
183.97200000000007	0.0	0.298	1.0	NULL
184.27000000000007	2.0	2.0	1.0	go_incongruent
186.27000000000012	0.0	0.298	1.0	NULL
186.56800000000013	1.0	2.0	1.0	go_congruent
188.5680000000001	0.0	0.596	1.0	NULL
189.1640000000001	3.0	2.0	1.0	stop_congruent
191.1640000000001	0.0	0.298	1.0	NULL
191.4620000000001	3.0	2.0	1.0	stop_congruent
193.4620000000001	0.0	0.298	1.0	NULL
193.7600000000001	4.0	2.0	1.0	stop_incongruent
195.7600000000001	0.0	0.596	1.0	NULL
196.3560000000001	4.0	2.0	1.0	stop_incongruent
198.3560000000001	0.0	0.298	1.0	NULL
198.6540000000001	3.0	2.0	1.0	stop_congruent
200.6540000000001	0.0	1.49	1.0	NULL
202.14400000000012	2.0	2.0	1.0	go_incongruent
204.14400000000012	0.0	0.298	1.0	NULL
204.44200000000012	3.0	2.0	1.0	stop_congruent
206.44200000000012	0.0	0.596	1.0	NULL
207.03800000000012	3.0	2.0	1.0	stop_congruent
209.03800000000012	0.0	0.0	1.0	NULL
209.03800000000012	1.0	2.0	1.0	go_congruent
211.03800000000012	0.0	0.298	1.0	NULL
211.33600000000013	3.0	2.0	1.0	stop_congruent
213.33600000000015	0.0	0.298	1.0	NULL
213.63400000000016	3.0	2.0	1.0	stop_congruent
215.63400000000016	0.0	0.0	1.0	NULL
215.63400000000016	3.0	2.0	1.0	stop_congruent
217.63400000000016	0.0	0.298	1.0	NULL
217.93200000000016	3.0	2.0	1.0	stop_congruent
219.93200000000016	0.0	0.298	1.0	NULL
220.23000000000016	2.0	2.0	1.0	go_incongruent
222.23000000000013	0.0	1.192	1.0	NULL
223.42200000000014	3.0	2.0	1.0	stop_congruent
225.42200000000014	0.0	2.086	1.0	NULL
227.50800000000015	1.0	2.0	1.0	go_congruent
229.50800000000015	0.0	0.596	1.0	NULL
230.10400000000016	3.0	2.0	1.0	stop_congruent
232.10400000000016	0.0	0.298	1.0	NULL
232.40200000000016	4.0	2.0	1.0	stop_incongruent
234.40200000000019	0.0	0.596	1.0	NULL
234.9980000000002	4.0	2.0	1.0	stop_incongruent
236.9980000000002	0.0	0.298	1.0	NULL
237.2960000000002	2.0	2.0	1.0	go_incongruent
239.2960000000002	0.0	0.0	1.0	NULL
239.2960000000002	3.0	2.0	1.0	stop_congruent
241.2960000000002	0.0	0.596	1.0	NULL
241.8920000000002	1.0	2.0	1.0	go_congruent
243.8920000000002	0.0	0.298	1.0	NULL
244.1900000000002	1.0	2.0	1.0	go_congruent
246.1900000000002	0.0	0.8939999999999999	1.0	NULL
247.0840000000002	2.0	2.0	1.0	go_incongruent
249.0840000000002	0.0	0.298	1.0	NULL
249.3820000000002	3.0	2.0	1.0	stop_congruent
251.38200000000018	0.0	0.596	1.0	NULL
251.97800000000018	1.0	2.0	1.0	go_congruent
253.97800000000015	0.0	0.8939999999999999	1.0	NULL
254.87200000000016	2.0	2.0	1.0	go_incongruent
256.8720000000002	0.0	0.8939999999999999	1.0	NULL
257.7660000000002	1.0	2.0	1.0	go_congruent
259.7660000000002	0.0	0.8939999999999999	1.0	NULL
260.6600000000002	2.0	2.0	1.0	go_incongruent
262.6600000000002	0.0	0.0	1.0	NULL
262.6600000000002	4.0	2.0	1.0	stop_incongruent
264.6600000000002	0.0	0.596	1.0	NULL
265.2560000000002	4.0	2.0	1.0	stop_incongruent
267.2560000000002	0.0	0.596	1.0	NULL
267.8520000000002	1.0	2.0	1.0	go_congruent
269.8520000000002	0.0	0.298	1.0	NULL
270.1500000000002	3.0	2.0	1.0	stop_congruent
272.1500000000002	0.0	0.596	1.0	NULL
272.7460000000002	3.0	2.0	1.0	stop_congruent
274.7460000000002	0.0	0.298	1.0	NULL
275.0440000000002	1.0	2.0	1.0	go_congruent
277.0440000000002	0.0	0.298	1.0	NULL
277.3420000000002	1.0	2.0	1.0	go_congruent
279.3420000000002	0.0	0.596	1.0	NULL
279.9380000000002	1.0	2.0	1.0	go_congruent
281.9380000000002	0.0	0.298	1.0	NULL
282.2360000000002	4.0	2.0	1.0	stop_incongruent
284.23600000000016	0.0	0.298	1.0	NULL
284.53400000000016	4.0	2.0	1.0	stop_incongruent
286.53400000000016	0.0	1.49	1.0	NULL
288.02400000000017	3.0	2.0	1.0	stop_congruent
290.02400000000017	0.0	0.0	1.0	NULL
290.02400000000017	3.0	2.0	1.0	stop_congruent
292.0240000000003	0.0	0.298	1.0	NULL
292.3220000000003	2.0	2.0	1.0	go_incongruent
294.3220000000003	0.0	0.596	1.0	NULL
294.9180000000003	1.0	2.0	1.0	go_congruent
296.9180000000003	0.0	0.298	1.0	NULL
297.2160000000003	3.0	2.0	1.0	stop_congruent
299.2160000000003	0.0	0.298	1.0	NULL
299.5140000000003	4.0	2.0	1.0	stop_incongruent
301.51400000000024	0.0	0.298	1.0	NULL
301.81200000000024	3.0	2.0	1.0	stop_congruent
303.81200000000024	0.0	0.298	1.0	NULL
304.11000000000024	1.0	2.0	1.0	go_congruent
306.11000000000024	0.0	0.0	1.0	NULL
306.11000000000024	2.0	2.0	1.0	go_incongruent
318.11000000000024	0.0	0.298	1.0	NULL
318.40800000000024	4.0	2.0	1.0	stop_incongruent
320.40800000000024	0.0	0.0	1.0	NULL
320.40800000000024	3.0	2.0	1.0	stop_congruent
322.40800000000024	0.0	0.596	1.0	NULL
323.00400000000025	2.0	2.0	1.0	go_incongruent
325.00400000000025	0.0	0.596	1.0	NULL
325.60000000000025	2.0	2.0	1.0	go_incongruent
327.60000000000025	0.0	0.298	1.0	NULL
327.89800000000025	2.0	2.0	1.0	go_incongruent
329.89800000000025	0.0	0.0	1.0	NULL
329.89800000000025	3.0	2.0	1.0	stop_congruent
331.89800000000025	0.0	0.0	1.0	NULL
331.89800000000025	1.0	2.0	1.0	go_congruent
333.89800000000025	0.0	0.298	1.0	NULL
334.19600000000025	4.0	2.0	1.0	stop_incongruent
336.19600000000025	0.0	0.298	1.0	NULL
336.49400000000026	3.0	2.0	1.0	stop_congruent
338.49400000000026	0.0	0.0	1.0	NULL
338.49400000000026	1.0	2.0	1.0	go_congruent
340.49400000000026	0.0	1.192	1.0	NULL
341.68600000000026	3.0	2.0	1.0	stop_congruent
343.6860000000002	0.0	0.596	1.0	NULL
344.2820000000002	1.0	2.0	1.0	go_congruent
346.2820000000002	0.0	0.298	1.0	NULL
346.5800000000002	1.0	2.0	1.0	go_congruent
348.5800000000002	0.0	0.0	1.0	NULL
348.5800000000002	4.0	2.0	1.0	stop_incongruent
350.5800000000002	0.0	0.298	1.0	NULL
350.8780000000002	1.0	2.0	1.0	go_congruent
352.8780000000003	0.0	0.596	1.0	NULL
353.47400000000033	2.0	2.0	1.0	go_incongruent
355.47400000000033	0.0	0.298	1.0	NULL
355.77200000000033	1.0	2.0	1.0	go_congruent
357.7720000000003	0.0	0.298	1.0	NULL
358.0700000000003	4.0	2.0	1.0	stop_incongruent
360.0700000000003	0.0	0.298	1.0	NULL
360.3680000000003	2.0	2.0	1.0	go_incongruent
362.3680000000003	0.0	0.8939999999999999	1.0	NULL
363.2620000000003	3.0	2.0	1.0	stop_congruent
365.2620000000003	0.0	0.0	1.0	NULL
365.2620000000003	2.0	2.0	1.0	go_incongruent
367.2620000000003	0.0	0.298	1.0	NULL
367.5600000000003	2.0	2.0	1.0	go_incongruent
369.5600000000003	0.0	0.0	1.0	NULL
369.5600000000003	3.0	2.0	1.0	stop_congruent
371.5600000000003	0.0	0.8939999999999999	1.0	NULL
372.4540000000003	2.0	2.0	1.0	go_incongruent
374.4540000000003	0.0	0.298	1.0	NULL
374.7520000000003	3.0	2.0	1.0	stop_congruent
376.7520000000003	0.0	0.596	1.0	NULL
377.3480000000003	2.0	2.0	1.0	go_incongruent
379.3480000000003	0.0	0.8939999999999999	1.0	NULL
380.2420000000003	4.0	2.0	1.0	stop_incongruent
382.2420000000003	0.0	0.298	1.0	NULL
382.5400000000003	1.0	2.0	1.0	go_congruent
384.5400000000003	0.0	0.0	1.0	NULL
384.5400000000003	1.0	2.0	1.0	go_congruent
386.5400000000003	0.0	0.298	1.0	NULL
386.8380000000003	4.0	2.0	1.0	stop_incongruent
388.8380000000003	0.0	0.596	1.0	NULL
389.4340000000003	3.0	2.0	1.0	stop_congruent
391.4340000000003	0.0	0.596	1.0	NULL
392.0300000000003	4.0	2.0	1.0	stop_incongruent
394.0300000000003	0.0	0.298	1.0	NULL
394.3280000000003	2.0	2.0	1.0	go_incongruent
396.3280000000003	0.0	0.0	1.0	NULL
396.3280000000003	3.0	2.0	1.0	stop_congruent
398.3280000000003	0.0	0.596	1.0	NULL
398.9240000000003	3.0	2.0	1.0	stop_congruent
400.9240000000003	0.0	0.8939999999999999	1.0	NULL
401.8180000000003	3.0	2.0	1.0	stop_congruent
403.8180000000003	0.0	0.298	1.0	NULL
404.1160000000003	1.0	2.0	1.0	go_congruent
406.1160000000003	0.0	0.298	1.0	NULL
406.4140000000003	4.0	2.0	1.0	stop_incongruent
408.4140000000003	0.0	0.298	1.0	NULL
408.71200000000033	4.0	2.0	1.0	stop_incongruent
410.71200000000033	0.0	0.298	1.0	NULL
411.01000000000033	2.0	2.0	1.0	go_incongruent
413.0100000000003	0.0	1.192	1.0	NULL
414.2020000000003	2.0	2.0	1.0	go_incongruent
416.2020000000003	0.0	0.8939999999999999	1.0	NULL
417.0960000000003	4.0	2.0	1.0	stop_incongruent
419.0960000000004	0.0	0.298	1.0	NULL
419.3940000000004	3.0	2.0	1.0	stop_congruent
421.3940000000004	0.0	0.298	1.0	NULL
421.6920000000004	4.0	2.0	1.0	stop_incongruent
423.6920000000004	0.0	0.298	1.0	NULL
423.9900000000004	4.0	2.0	1.0	stop_incongruent
425.99000000000035	0.0	0.8939999999999999	1.0	NULL
426.88400000000036	1.0	2.0	1.0	go_congruent
428.88400000000036	0.0	0.298	1.0	NULL
429.18200000000036	4.0	2.0	1.0	stop_incongruent
431.18200000000036	0.0	0.298	1.0	NULL
431.48000000000036	4.0	2.0	1.0	stop_incongruent
433.48000000000036	0.0	1.192	1.0	NULL
434.67200000000037	4.0	2.0	1.0	stop_incongruent
436.67200000000037	0.0	0.596	1.0	NULL
437.26800000000037	4.0	2.0	1.0	stop_incongruent
439.26800000000037	0.0	0.298	1.0	NULL
439.5660000000004	3.0	2.0	1.0	stop_congruent
441.5660000000004	0.0	0.0	1.0	NULL
441.5660000000004	4.0	2.0	1.0	stop_incongruent
443.5660000000004	0.0	0.0	1.0	NULL
443.5660000000004	1.0	2.0	1.0	go_congruent
445.5660000000004	0.0	0.298	1.0	NULL
445.8640000000004	4.0	2.0	1.0	stop_incongruent
447.8640000000004	0.0	0.596	1.0	NULL
448.4600000000004	2.0	2.0	1.0	go_incongruent
450.4600000000004	0.0	0.596	1.0	NULL
451.0560000000004	2.0	2.0	1.0	go_incongruent
453.0560000000004	0.0	0.596	1.0	NULL
453.6520000000004	3.0	2.0	1.0	stop_congruent
455.6520000000004	0.0	0.298	1.0	NULL
455.9500000000004	4.0	2.0	1.0	stop_incongruent
457.9500000000004	0.0	0.298	1.0	NULL
458.2480000000004	1.0	2.0	1.0	go_congruent
460.2480000000004	0.0	0.298	1.0	NULL
460.5460000000004	1.0	2.0	1.0	go_congruent
472.5460000000004	0.0	0.298	1.0	NULL
472.8440000000004	3.0	2.0	1.0	stop_congruent
474.8440000000004	0.0	0.298	1.0	NULL
475.1420000000004	4.0	2.0	1.0	stop_incongruent
477.1420000000004	0.0	0.298	1.0	NULL
477.4400000000004	1.0	2.0	1.0	go_congruent
479.4400000000004	0.0	0.596	1.0	NULL
480.0360000000004	3.0	2.0	1.0	stop_congruent
482.0360000000004	0.0	0.298	1.0	NULL
482.3340000000004	1.0	2.0	1.0	go_congruent
484.3340000000004	0.0	0.298	1.0	NULL
484.6320000000004	3.0	2.0	1.0	stop_congruent
486.6320000000004	0.0	0.596	1.0	NULL
487.2280000000004	2.0	2.0	1.0	go_incongruent
489.22800000000035	0.0	0.596	1.0	NULL
489.82400000000035	2.0	2.0	1.0	go_incongruent
491.82400000000035	0.0	1.192	1.0	NULL
493.01600000000036	1.0	2.0	1.0	go_congruent
495.01600000000036	0.0	0.298	1.0	NULL
495.31400000000036	4.0	2.0	1.0	stop_incongruent
497.31400000000036	0.0	0.298	1.0	NULL
497.61200000000036	4.0	2.0	1.0	stop_incongruent
499.61200000000036	0.0	0.298	1.0	NULL
499.91000000000037	1.0	2.0	1.0	go_congruent
501.91000000000037	0.0	0.596	1.0	NULL
502.50600000000037	1.0	2.0	1.0	go_congruent
504.50600000000037	0.0	1.192	1.0	NULL
505.6980000000004	1.0	2.0	1.0	go_congruent
507.69800000000055	0.0	0.298	1.0	NULL
507.99600000000055	2.0	2.0	1.0	go_incongruent
509.99600000000055	0.0	0.298	1.0	NULL
510.29400000000055	2.0	2.0	1.0	go_incongruent
512.2940000000003	0.0	0.298	1.0	NULL
512.5920000000003	4.0	2.0	1.0	stop_incongruent
514.5920000000003	0.0	0.298	1.0	NULL
514.8900000000003	4.0	2.0	1.0	stop_incongruent
516.8900000000003	0.0	0.298	1.0	NULL
517.1880000000003	3.0	2.0	1.0	stop_congruent
519.1880000000003	0.0	0.298	1.0	NULL
519.4860000000003	1.0	2.0	1.0	go_congruent
521.4860000000003	0.0	0.298	1.0	NULL
521.7840000000003	4.0	2.0	1.0	stop_incongruent
523.7840000000003	0.0	0.298	1.0	NULL
524.0820000000003	2.0	2.0	1.0	go_incongruent
526.0820000000006	0.0	0.8939999999999999	1.0	NULL
526.9760000000006	4.0	2.0	1.0	stop_incongruent
528.9760000000006	0.0	2.384	1.0	NULL
531.3600000000006	1.0	2.0	1.0	go_congruent
533.3600000000006	0.0	0.596	1.0	NULL
533.9560000000006	3.0	2.0	1.0	stop_congruent
535.9560000000006	0.0	0.298	1.0	NULL
536.2540000000006	2.0	2.0	1.0	go_incongruent
538.2540000000006	0.0	0.298	1.0	NULL
538.5520000000006	4.0	2.0	1.0	stop_incongruent
540.5520000000006	0.0	0.0	1.0	NULL
540.5520000000006	3.0	2.0	1.0	stop_congruent
542.5520000000005	0.0	0.298	1.0	NULL
542.8500000000005	3.0	2.0	1.0	stop_congruent
544.8500000000005	0.0	0.596	1.0	NULL
545.4460000000005	3.0	2.0	1.0	stop_congruent
547.4460000000005	0.0	0.298	1.0	NULL
547.7440000000005	4.0	2.0	1.0	stop_incongruent
549.7440000000005	0.0	0.298	1.0	NULL
550.0420000000005	1.0	2.0	1.0	go_congruent
552.0420000000005	0.0	0.298	1.0	NULL
552.3400000000005	2.0	2.0	1.0	go_incongruent
554.3400000000005	0.0	0.298	1.0	NULL
554.6380000000005	4.0	2.0	1.0	stop_incongruent
556.6380000000005	0.0	1.192	1.0	NULL
557.8300000000005	1.0	2.0	1.0	go_congruent
559.8300000000005	0.0	0.0	1.0	NULL
559.8300000000005	4.0	2.0	1.0	stop_incongruent
561.8300000000005	0.0	0.596	1.0	NULL
562.4260000000005	1.0	2.0	1.0	go_congruent
564.4260000000005	0.0	0.0	1.0	NULL
564.4260000000005	1.0	2.0	1.0	go_congruent
566.4260000000005	0.0	0.298	1.0	NULL
566.7240000000005	2.0	2.0	1.0	go_incongruent
568.7240000000005	0.0	0.298	1.0	NULL
569.0220000000005	1.0	2.0	1.0	go_congruent
571.0220000000005	0.0	0.8939999999999999	1.0	NULL
571.9160000000005	3.0	2.0	1.0	stop_congruent
573.9160000000005	0.0	0.596	1.0	NULL
574.5120000000005	1.0	2.0	1.0	go_congruent
576.5120000000005	0.0	0.0	1.0	NULL
576.5120000000005	2.0	2.0	1.0	go_incongruent
578.5120000000005	0.0	0.596	1.0	NULL
579.1080000000005	3.0	2.0	1.0	stop_congruent
581.1080000000005	0.0	0.298	1.0	NULL
581.4060000000005	4.0	2.0	1.0	stop_incongruent
583.4060000000005	0.0	0.298	1.0	NULL
583.7040000000005	3.0	2.0	1.0	stop_congruent
585.7040000000005	0.0	0.8939999999999999	1.0	NULL
586.5980000000005	3.0	2.0	1.0	stop_congruent
588.5980000000005	0.0	0.596	1.0	NULL
589.1940000000005	4.0	2.0	1.0	stop_incongruent
591.1940000000005	0.0	0.0	1.0	NULL
591.1940000000005	3.0	2.0	1.0	stop_congruent
593.1940000000005	0.0	0.298	1.0	NULL
593.4920000000005	4.0	2.0	1.0	stop_incongruent
595.4920000000005	0.0	0.596	1.0	NULL
596.0880000000005	3.0	2.0	1.0	stop_congruent
598.0880000000005	0.0	0.298	1.0	NULL
598.3860000000005	2.0	2.0	1.0	go_incongruent
600.3860000000005	0.0	0.0	1.0	NULL
600.3860000000005	1.0	2.0	1.0	go_congruent
602.3860000000005	0.0	0.596	1.0	NULL
602.9820000000005	1.0	2.0	1.0	go_congruent
604.9820000000005	0.0	0.596	1.0	NULL
605.5780000000005	2.0	2.0	1.0	go_incongruent
607.5780000000005	0.0	0.596	1.0	NULL
608.1740000000005	4.0	2.0	1.0	stop_incongruent
610.1740000000005	0.0	0.0	1.0	NULL
610.1740000000005	2.0	2.0	1.0	go_incongruent
612.1740000000005	0.0	0.0	1.0	NULL
612.1740000000005	3.0	2.0	1.0	stop_congruent
614.1740000000005	0.0	1.192	1.0	NULL
615.3660000000006	4.0	2.0	1.0	stop_incongruent
617.3660000000006	0.0	0.8939999999999999	1.0	NULL
618.2600000000006	4.0	2.0	1.0	stop_incongruent
630.2600000000006	0.0	0.596	1.0	NULL
630.8560000000006	4.0	2.0	1.0	stop_incongruent
632.8560000000006	0.0	0.298	1.0	NULL
633.1540000000006	1.0	2.0	1.0	go_congruent
635.1540000000006	0.0	0.0	1.0	NULL
635.1540000000006	2.0	2.0	1.0	go_incongruent
637.1540000000006	0.0	0.298	1.0	NULL
637.4520000000006	2.0	2.0	1.0	go_incongruent
639.4520000000006	0.0	0.298	1.0	NULL
639.7500000000006	3.0	2.0	1.0	stop_congruent
641.7500000000006	0.0	0.596	1.0	NULL
642.3460000000006	3.0	2.0	1.0	stop_congruent
644.3460000000006	0.0	0.0	1.0	NULL
644.3460000000006	2.0	2.0	1.0	go_incongruent
646.3460000000006	0.0	0.298	1.0	NULL
646.6440000000006	4.0	2.0	1.0	stop_incongruent
648.6440000000006	0.0	0.596	1.0	NULL
649.2400000000006	2.0	2.0	1.0	go_incongruent
651.2400000000006	0.0	0.298	1.0	NULL
651.5380000000006	2.0	2.0	1.0	go_incongruent
653.5380000000006	0.0	0.298	1.0	NULL
653.8360000000006	1.0	2.0	1.0	go_congruent
655.8360000000006	0.0	0.298	1.0	NULL
656.1340000000006	2.0	2.0	1.0	go_incongruent
658.1340000000006	0.0	0.8939999999999999	1.0	NULL
659.0280000000006	2.0	2.0	1.0	go_incongruent
661.0280000000006	0.0	0.0	1.0	NULL
661.0280000000006	2.0	2.0	1.0	go_incongruent
663.0280000000006	0.0	0.298	1.0	NULL
663.3260000000006	2.0	2.0	1.0	go_incongruent
665.3260000000006	0.0	1.7879999999999998	1.0	NULL
667.1140000000006	4.0	2.0	1.0	stop_incongruent
669.1140000000006	0.0	0.8939999999999999	1.0	NULL
670.0080000000006	2.0	2.0	1.0	go_incongruent
672.0080000000006	0.0	0.0	1.0	NULL
672.0080000000006	1.0	2.0	1.0	go_congruent
674.0080000000006	0.0	0.596	1.0	NULL
674.6040000000006	2.0	2.0	1.0	go_incongruent
676.6040000000006	0.0	0.298	1.0	NULL
676.9020000000006	3.0	2.0	1.0	stop_congruent
678.9020000000006	0.0	0.596	1.0	NULL
679.4980000000006	3.0	2.0	1.0	stop_congruent
681.4980000000006	0.0	0.0	1.0	NULL
681.4980000000006	4.0	2.0	1.0	stop_incongruent
683.4980000000006	0.0	0.596	1.0	NULL
684.0940000000006	2.0	2.0	1.0	go_incongruent
686.0940000000006	0.0	0.298	1.0	NULL
686.3920000000006	1.0	2.0	1.0	go_congruent
688.3920000000006	0.0	0.298	1.0	NULL
688.6900000000006	1.0	2.0	1.0	go_congruent
690.6900000000006	0.0	0.596	1.0	NULL
691.2860000000006	4.0	2.0	1.0	stop_incongruent
693.2860000000006	0.0	1.49	1.0	NULL
694.7760000000006	2.0	2.0	1.0	go_incongruent
696.7760000000006	0.0	0.298	1.0	NULL
697.0740000000006	1.0	2.0	1.0	go_congruent
699.0740000000006	0.0	0.298	1.0	NULL
699.3720000000006	4.0	2.0	1.0	stop_incongruent
701.3720000000006	0.0	0.298	1.0	NULL
701.6700000000006	1.0	2.0	1.0	go_congruent
703.6700000000006	0.0	0.596	1.0	NULL
704.2660000000006	4.0	2.0	1.0	stop_incongruent
706.2660000000006	0.0	0.298	1.0	NULL
706.5640000000006	3.0	2.0	1.0	stop_congruent
708.5640000000006	0.0	0.298	1.0	NULL
708.8620000000006	3.0	2.0	1.0	stop_congruent
710.8620000000008	0.0	0.596	1.0	NULL
711.4580000000008	1.0	2.0	1.0	go_congruent
713.4580000000008	0.0	0.298	1.0	NULL
713.7560000000008	2.0	2.0	1.0	go_incongruent
715.7560000000008	0.0	0.298	1.0	NULL
716.0540000000008	2.0	2.0	1.0	go_incongruent
718.0540000000008	0.0	0.298	1.0	NULL
718.3520000000008	1.0	2.0	1.0	go_congruent
720.3520000000008	0.0	0.298	1.0	NULL
720.6500000000008	1.0	2.0	1.0	go_congruent
722.6500000000008	0.0	0.0	1.0	NULL
722.6500000000008	1.0	2.0	1.0	go_congruent
724.6500000000008	0.0	0.596	1.0	NULL
725.2460000000008	3.0	2.0	1.0	stop_congruent
727.2460000000008	0.0	0.298	1.0	NULL
727.5440000000008	3.0	2.0	1.0	stop_congruent
729.5440000000008	0.0	0.596	1.0	NULL
730.1400000000008	2.0	2.0	1.0	go_incongruent
732.1400000000008	0.0	0.596	1.0	NULL
732.7360000000008	2.0	2.0	1.0	go_incongruent
734.7360000000008	0.0	0.298	1.0	NULL
735.0340000000008	4.0	2.0	1.0	stop_incongruent
737.0340000000008	0.0	0.298	1.0	NULL
737.3320000000008	1.0	2.0	1.0	go_congruent
739.3320000000008	0.0	0.596	1.0	NULL
739.9280000000008	2.0	2.0	1.0	go_incongruent
741.9280000000008	0.0	0.298	1.0	NULL
742.2260000000008	3.0	2.0	1.0	stop_congruent
744.2260000000008	0.0	1.192	1.0	NULL
745.4180000000008	2.0	2.0	1.0	go_incongruent
747.4180000000008	0.0	0.298	1.0	NULL
747.7160000000008	1.0	2.0	1.0	go_congruent
749.7160000000008	0.0	0.298	1.0	NULL
750.0140000000008	4.0	2.0	1.0	stop_incongruent
752.0140000000008	0.0	0.8939999999999999	1.0	NULL
752.9080000000008	3.0	2.0	1.0	stop_congruent
754.9080000000008	0.0	0.298	1.0	NULL
755.2060000000008	2.0	2.0	1.0	go_incongruent
757.2060000000008	0.0	0.596	1.0	NULL
757.8020000000008	4.0	2.0	1.0	stop_incongruent
759.8020000000008	0.0	0.298	1.0	NULL
760.1000000000008	4.0	2.0	1.0	stop_incongruent
762.1000000000007	0.0	0.596	1.0	NULL
762.6960000000007	4.0	2.0	1.0	stop_incongruent
764.6960000000007	0.0	0.0	1.0	NULL
764.6960000000007	2.0	2.0	1.0	go_incongruent
766.6960000000007	0.0	0.596	1.0	NULL
767.2920000000007	1.0	2.0	1.0	go_congruent
769.2920000000007	0.0	0.0	1.0	NULL
769.2920000000007	3.0	2.0	1.0	stop_congruent
771.2920000000007	0.0	2.682	1.0	NULL
773.9740000000007	2.0	2.0	1.0	go_incongruent
775.9740000000007	0.0	0.298	1.0	NULL
776.2720000000007	1.0	2.0	1.0	go_congruent
