0.0
5.192
21.874000000000002
24.172000000000004
39.152000000000015
44.04600000000002
48.642000000000024
53.834000000000024
56.43000000000002
58.72800000000002
67.70800000000003
77.49600000000004
80.09200000000004
84.68800000000005
114.13800000000006
116.73400000000007
125.92600000000007
135.41600000000008
140.3100000000001
142.3100000000001
161.2040000000001
166.3960000000001
170.9920000000001
173.5880000000001
178.1840000000001
182.4820000000001
203.76000000000013
208.95200000000014
222.74000000000015
225.33600000000015
254.99800000000016
261.29600000000016
284.0640000000002
297.9380000000002
299.9380000000002
319.1300000000002
328.62000000000023
339.30200000000025
345.68600000000026
348.87800000000027
351.1760000000003
357.2620000000003
384.0300000000003
389.2220000000003
391.8180000000003
399.60600000000034
434.1620000000004
440.4600000000004
447.6520000000004
449.9500000000004
454.5460000000004
457.4400000000004
460.0360000000004
474.6320000000004
478.6320000000004
483.2280000000004
485.8240000000004
488.1220000000004
491.0160000000004
493.3140000000004
502.5060000000004
509.99600000000044
529.2740000000005
531.5720000000005
534.7640000000005
536.7640000000005
541.9560000000005
568.2140000000005
572.8100000000005
575.1080000000005
577.4060000000005
587.1940000000005
589.1940000000005
591.4920000000005
593.4920000000005
610.1740000000005
617.0680000000006
