2.894
7.788
19.066
28.258000000000003
49.026
51.324000000000005
67.79400000000001
70.09200000000001
78.17800000000003
82.47600000000003
92.26400000000004
101.45600000000005
108.05200000000005
113.24400000000006
134.22400000000007
142.3100000000001
146.6080000000001
172.1840000000001
179.37600000000012
181.97200000000012
184.27000000000012
202.14400000000015
220.23000000000016
237.2960000000002
247.0840000000002
254.87200000000018
260.6600000000002
292.32200000000023
306.11000000000024
323.00400000000025
325.60000000000025
327.89800000000025
353.4740000000003
360.3680000000003
365.2620000000003
367.5600000000003
372.4540000000003
377.3480000000003
394.3280000000003
411.01000000000033
414.20200000000034
448.4600000000004
451.0560000000004
487.2280000000004
489.8240000000004
507.99600000000044
510.29400000000044
524.0820000000004
536.2540000000005
552.3400000000005
566.7240000000005
576.5120000000005
598.3860000000005
605.5780000000005
610.1740000000005
635.1540000000006
637.4520000000006
644.3460000000006
649.2400000000006
651.5380000000006
656.1340000000006
659.0280000000006
661.0280000000006
663.3260000000006
670.0080000000006
674.6040000000006
684.0940000000006
694.7760000000006
713.7560000000007
716.0540000000007
730.1400000000007
732.7360000000007
739.9280000000007
745.4180000000007
755.2060000000007
764.6960000000007
773.9740000000007
