0.0
16.47
25.96
33.45
38.04600000000001
72.68800000000002
87.37000000000003
94.56200000000004
96.86000000000004
99.15800000000004
125.33000000000007
131.92600000000007
136.52200000000008
138.82000000000008
144.3100000000001
159.5020000000001
177.37600000000012
193.76000000000013
196.35600000000014
232.40200000000019
234.9980000000002
262.6600000000002
265.2560000000002
282.2360000000002
284.5340000000002
299.51400000000024
318.40800000000024
334.19600000000025
348.58000000000027
358.0700000000003
380.2420000000003
386.8380000000003
392.0300000000003
406.4140000000003
408.71200000000033
417.09600000000034
421.69200000000035
423.99000000000035
429.18200000000036
431.48000000000036
434.67200000000037
437.26800000000037
441.5660000000004
445.8640000000004
455.9500000000004
475.1420000000004
495.3140000000004
497.6120000000004
512.5920000000004
514.8900000000004
521.7840000000004
526.9760000000005
538.5520000000005
547.7440000000005
554.6380000000005
559.8300000000005
581.4060000000005
589.1940000000005
593.4920000000005
608.1740000000005
615.3660000000006
618.2600000000006
630.8560000000006
646.6440000000006
667.1140000000006
681.4980000000006
691.2860000000006
699.3720000000006
704.2660000000006
735.0340000000007
750.0140000000007
757.8020000000007
760.1000000000007
762.6960000000007
