10.682
13.874
40.940000000000005
43.834
63.19800000000001
65.49600000000001
80.47600000000003
89.66800000000003
105.75400000000005
120.13800000000006
129.62800000000007
162.0980000000001
168.9920000000001
174.78000000000011
189.16400000000013
191.46200000000013
198.65400000000014
204.44200000000015
207.03800000000015
211.33600000000015
213.63400000000016
215.63400000000016
217.93200000000016
223.42200000000017
230.10400000000018
239.2960000000002
249.3820000000002
270.1500000000002
272.7460000000002
288.0240000000002
290.0240000000002
297.21600000000024
301.81200000000024
320.40800000000024
329.89800000000025
336.49400000000026
341.68600000000026
363.2620000000003
369.5600000000003
374.7520000000003
389.4340000000003
396.3280000000003
398.9240000000003
401.8180000000003
419.39400000000035
439.5660000000004
453.6520000000004
472.8440000000004
480.0360000000004
484.6320000000004
517.1880000000004
533.9560000000005
540.5520000000005
542.8500000000005
545.4460000000005
571.9160000000005
579.1080000000005
583.7040000000005
586.5980000000005
591.1940000000005
596.0880000000005
612.1740000000005
639.7500000000006
642.3460000000006
676.9020000000006
679.4980000000006
706.5640000000006
708.8620000000006
725.2460000000007
727.5440000000007
742.2260000000007
752.9080000000007
769.2920000000007
