0.0	0.0	0.0	1.0	NULL
0.0	1.0	2.5	1.0	td_same
2.5	0.0	0.75	1.0	NULL
3.25	1.0	2.5	1.0	td_same
5.75	0.0	0.25	1.0	NULL
6.0	1.0	2.5	1.0	td_same
8.5	0.0	0.0	1.0	NULL
8.5	1.0	2.5	1.0	td_same
11.0	0.0	0.5	1.0	NULL
11.5	3.0	2.5	1.0	td_na
14.0	0.0	0.75	1.0	NULL
14.75	2.0	2.5	1.0	td_diff
17.25	0.0	0.5	1.0	NULL
17.75	3.0	2.5	1.0	td_na
20.25	0.0	0.25	1.0	NULL
20.5	1.0	2.5	1.0	td_same
23.0	0.0	0.25	1.0	NULL
23.25	3.0	2.5	1.0	td_na
25.75	0.0	0.25	1.0	NULL
26.0	1.0	2.5	1.0	td_same
28.5	0.0	0.25	1.0	NULL
28.75	2.0	2.5	1.0	td_diff
31.25	0.0	0.0	1.0	NULL
31.25	2.0	2.5	1.0	td_diff
33.75	0.0	0.25	1.0	NULL
34.0	3.0	2.5	1.0	td_na
36.5	0.0	0.5	1.0	NULL
37.0	1.0	2.5	1.0	td_same
39.5	0.0	0.5	1.0	NULL
40.0	3.0	2.5	1.0	td_na
42.5	0.0	1.0	1.0	NULL
43.5	2.0	2.5	1.0	td_diff
46.0	0.0	0.25	1.0	NULL
46.25	1.0	2.5	1.0	td_same
48.75	0.0	0.25	1.0	NULL
49.0	3.0	2.5	1.0	td_na
51.5	0.0	0.25	1.0	NULL
51.75	2.0	2.5	1.0	td_diff
54.25	0.0	0.5	1.0	NULL
54.75	2.0	2.5	1.0	td_diff
57.25	0.0	1.0	1.0	NULL
58.25	3.0	2.5	1.0	td_na
60.75	0.0	0.25	1.0	NULL
61.0	3.0	2.5	1.0	td_na
63.5	0.0	0.0	1.0	NULL
63.5	2.0	2.5	1.0	td_diff
66.0	0.0	0.25	1.0	NULL
66.25	1.0	2.5	1.0	td_same
68.75	0.0	0.0	1.0	NULL
68.75	1.0	2.5	1.0	td_same
71.25	0.0	0.25	1.0	NULL
71.5	3.0	2.5	1.0	td_na
74.0	0.0	0.75	1.0	NULL
74.75	2.0	2.5	1.0	td_diff
77.25	0.0	0.25	1.0	NULL
77.5	2.0	2.5	1.0	td_diff
80.0	0.0	0.25	1.0	NULL
80.25	3.0	2.5	1.0	td_na
82.75	0.0	2.25	1.0	NULL
85.0	1.0	2.5	1.0	td_same
87.5	0.0	0.25	1.0	NULL
87.75	2.0	2.5	1.0	td_diff
90.25	0.0	0.25	1.0	NULL
90.5	2.0	2.5	1.0	td_diff
93.0	0.0	0.25	1.0	NULL
93.25	2.0	2.5	1.0	td_diff
95.75	0.0	0.75	1.0	NULL
96.5	1.0	2.5	1.0	td_same
99.0	0.0	0.0	1.0	NULL
99.0	1.0	2.5	1.0	td_same
101.5	0.0	0.25	1.0	NULL
101.75	2.0	2.5	1.0	td_diff
104.25	0.0	0.25	1.0	NULL
104.5	1.0	2.5	1.0	td_same
107.0	0.0	0.5	1.0	NULL
107.5	1.0	2.5	1.0	td_same
110.0	0.0	0.5	1.0	NULL
110.5	2.0	2.5	1.0	td_diff
113.0	0.0	0.25	1.0	NULL
113.25	2.0	2.5	1.0	td_diff
115.75	0.0	0.25	1.0	NULL
116.0	2.0	2.5	1.0	td_diff
118.5	0.0	0.75	1.0	NULL
119.25	2.0	2.5	1.0	td_diff
131.75	0.0	0.5	1.0	NULL
132.25	3.0	2.5	1.0	td_na
134.75	0.0	1.25	1.0	NULL
136.0	2.0	2.5	1.0	td_diff
138.5	0.0	1.0	1.0	NULL
139.5	3.0	2.5	1.0	td_na
142.0	0.0	0.25	1.0	NULL
142.25	2.0	2.5	1.0	td_diff
144.75	0.0	0.5	1.0	NULL
145.25	3.0	2.5	1.0	td_na
147.75	0.0	0.25	1.0	NULL
148.0	1.0	2.5	1.0	td_same
150.5	0.0	0.25	1.0	NULL
150.75	2.0	2.5	1.0	td_diff
153.25	0.0	0.25	1.0	NULL
153.5	2.0	2.5	1.0	td_diff
156.0	0.0	0.25	1.0	NULL
156.25	2.0	2.5	1.0	td_diff
158.75	0.0	0.0	1.0	NULL
158.75	2.0	2.5	1.0	td_diff
161.25	0.0	0.5	1.0	NULL
161.75	2.0	2.5	1.0	td_diff
164.25	0.0	0.25	1.0	NULL
164.5	2.0	2.5	1.0	td_diff
167.0	0.0	0.5	1.0	NULL
167.5	2.0	2.5	1.0	td_diff
170.0	0.0	0.25	1.0	NULL
170.25	2.0	2.5	1.0	td_diff
172.75	0.0	0.5	1.0	NULL
173.25	1.0	2.5	1.0	td_same
175.75	0.0	0.0	1.0	NULL
175.75	1.0	2.5	1.0	td_same
178.25	0.0	0.5	1.0	NULL
178.75	3.0	2.5	1.0	td_na
181.25	0.0	0.5	1.0	NULL
181.75	1.0	2.5	1.0	td_same
184.25	0.0	0.5	1.0	NULL
184.75	2.0	2.5	1.0	td_diff
187.25	0.0	0.75	1.0	NULL
188.0	2.0	2.5	1.0	td_diff
190.5	0.0	1.5	1.0	NULL
192.0	1.0	2.5	1.0	td_same
194.5	0.0	1.75	1.0	NULL
196.25	3.0	2.5	1.0	td_na
198.75	0.0	0.75	1.0	NULL
199.5	3.0	2.5	1.0	td_na
202.0	0.0	0.75	1.0	NULL
202.75	2.0	2.5	1.0	td_diff
205.25	0.0	0.25	1.0	NULL
205.5	2.0	2.5	1.0	td_diff
208.0	0.0	0.5	1.0	NULL
208.5	1.0	2.5	1.0	td_same
211.0	0.0	1.75	1.0	NULL
212.75	1.0	2.5	1.0	td_same
215.25	0.0	2.0	1.0	NULL
217.25	1.0	2.5	1.0	td_same
219.75	0.0	1.0	1.0	NULL
220.75	3.0	2.5	1.0	td_na
223.25	0.0	0.5	1.0	NULL
223.75	2.0	2.5	1.0	td_diff
226.25	0.0	0.25	1.0	NULL
226.5	1.0	2.5	1.0	td_same
229.0	0.0	0.5	1.0	NULL
229.5	1.0	2.5	1.0	td_same
232.0	0.0	0.25	1.0	NULL
232.25	3.0	2.5	1.0	td_na
234.75	0.0	0.5	1.0	NULL
235.25	1.0	2.5	1.0	td_same
237.75	0.0	2.0	1.0	NULL
239.75	3.0	2.5	1.0	td_na
242.25	0.0	0.25	1.0	NULL
242.5	1.0	2.5	1.0	td_same
245.0	0.0	0.25	1.0	NULL
245.25	2.0	2.5	1.0	td_diff
247.75	0.0	0.5	1.0	NULL
248.25	3.0	2.5	1.0	td_na
250.75	0.0	1.0	1.0	NULL
251.75	1.0	2.5	1.0	td_same
254.25	0.0	0.5	1.0	NULL
254.75	1.0	2.5	1.0	td_same
257.25	0.0	0.25	1.0	NULL
257.5	3.0	2.5	1.0	td_na
260.0	0.0	0.25	1.0	NULL
260.25	2.0	2.5	1.0	td_diff
272.75	0.0	0.25	1.0	NULL
273.0	2.0	2.5	1.0	td_diff
275.5	0.0	0.25	1.0	NULL
275.75	2.0	2.5	1.0	td_diff
278.25	0.0	0.75	1.0	NULL
279.0	1.0	2.5	1.0	td_same
281.5	0.0	0.25	1.0	NULL
281.75	1.0	2.5	1.0	td_same
284.25	0.0	0.25	1.0	NULL
284.5	1.0	2.5	1.0	td_same
287.0	0.0	0.5	1.0	NULL
287.5	2.0	2.5	1.0	td_diff
290.0	0.0	0.5	1.0	NULL
290.5	2.0	2.5	1.0	td_diff
293.0	0.0	0.5	1.0	NULL
293.5	3.0	2.5	1.0	td_na
296.0	0.0	0.0	1.0	NULL
296.0	1.0	2.5	1.0	td_same
298.5	0.0	0.25	1.0	NULL
298.75	2.0	2.5	1.0	td_diff
301.25	0.0	0.25	1.0	NULL
301.5	3.0	2.5	1.0	td_na
304.0	0.0	0.75	1.0	NULL
304.75	3.0	2.5	1.0	td_na
307.25	0.0	0.25	1.0	NULL
307.5	1.0	2.5	1.0	td_same
310.0	0.0	0.25	1.0	NULL
310.25	2.0	2.5	1.0	td_diff
312.75	0.0	0.5	1.0	NULL
313.25	2.0	2.5	1.0	td_diff
315.75	0.0	0.25	1.0	NULL
316.0	1.0	2.5	1.0	td_same
318.5	0.0	0.75	1.0	NULL
319.25	2.0	2.5	1.0	td_diff
321.75	0.0	0.25	1.0	NULL
322.0	1.0	2.5	1.0	td_same
324.5	0.0	0.25	1.0	NULL
324.75	1.0	2.5	1.0	td_same
327.25	0.0	0.0	1.0	NULL
327.25	1.0	2.5	1.0	td_same
329.75	0.0	0.75	1.0	NULL
330.5	1.0	2.5	1.0	td_same
333.0	0.0	0.5	1.0	NULL
333.5	2.0	2.5	1.0	td_diff
336.0	0.0	0.5	1.0	NULL
336.5	2.0	2.5	1.0	td_diff
339.0	0.0	0.0	1.0	NULL
339.0	2.0	2.5	1.0	td_diff
341.5	0.0	0.25	1.0	NULL
341.75	1.0	2.5	1.0	td_same
344.25	0.0	0.5	1.0	NULL
344.75	2.0	2.5	1.0	td_diff
347.25	0.0	0.25	1.0	NULL
347.5	3.0	2.5	1.0	td_na
350.0	0.0	0.25	1.0	NULL
350.25	2.0	2.5	1.0	td_diff
352.75	0.0	0.25	1.0	NULL
353.0	3.0	2.5	1.0	td_na
355.5	0.0	0.25	1.0	NULL
355.75	3.0	2.5	1.0	td_na
358.25	0.0	0.25	1.0	NULL
358.5	3.0	2.5	1.0	td_na
361.0	0.0	1.25	1.0	NULL
362.25	2.0	2.5	1.0	td_diff
364.75	0.0	0.25	1.0	NULL
365.0	1.0	2.5	1.0	td_same
367.5	0.0	0.25	1.0	NULL
367.75	2.0	2.5	1.0	td_diff
370.25	0.0	1.0	1.0	NULL
371.25	2.0	2.5	1.0	td_diff
373.75	0.0	0.0	1.0	NULL
373.75	1.0	2.5	1.0	td_same
376.25	0.0	0.25	1.0	NULL
376.5	2.0	2.5	1.0	td_diff
379.0	0.0	1.0	1.0	NULL
380.0	1.0	2.5	1.0	td_same
382.5	0.0	0.75	1.0	NULL
383.25	1.0	2.5	1.0	td_same
385.75	0.0	0.25	1.0	NULL
386.0	1.0	2.5	1.0	td_same
388.5	0.0	0.25	1.0	NULL
388.75	3.0	2.5	1.0	td_na
391.25	0.0	0.25	1.0	NULL
391.5	2.0	2.5	1.0	td_diff
404.0	0.0	0.5	1.0	NULL
404.5	3.0	2.5	1.0	td_na
407.0	0.0	1.25	1.0	NULL
408.25	3.0	2.5	1.0	td_na
410.75	0.0	0.25	1.0	NULL
411.0	3.0	2.5	1.0	td_na
413.5	0.0	0.25	1.0	NULL
413.75	3.0	2.5	1.0	td_na
416.25	0.0	0.5	1.0	NULL
416.75	1.0	2.5	1.0	td_same
419.25	0.0	0.25	1.0	NULL
419.5	3.0	2.5	1.0	td_na
422.0	0.0	0.25	1.0	NULL
422.25	3.0	2.5	1.0	td_na
424.75	0.0	0.25	1.0	NULL
425.0	1.0	2.5	1.0	td_same
427.5	0.0	0.25	1.0	NULL
427.75	2.0	2.5	1.0	td_diff
430.25	0.0	1.0	1.0	NULL
431.25	2.0	2.5	1.0	td_diff
433.75	0.0	0.25	1.0	NULL
434.0	3.0	2.5	1.0	td_na
436.5	0.0	0.25	1.0	NULL
436.75	2.0	2.5	1.0	td_diff
439.25	0.0	1.25	1.0	NULL
440.5	1.0	2.5	1.0	td_same
443.0	0.0	0.25	1.0	NULL
443.25	1.0	2.5	1.0	td_same
445.75	0.0	0.5	1.0	NULL
446.25	3.0	2.5	1.0	td_na
448.75	0.0	0.25	1.0	NULL
449.0	2.0	2.5	1.0	td_diff
451.5	0.0	0.25	1.0	NULL
451.75	2.0	2.5	1.0	td_diff
454.25	0.0	0.25	1.0	NULL
454.5	2.0	2.5	1.0	td_diff
457.0	0.0	0.25	1.0	NULL
457.25	3.0	2.5	1.0	td_na
459.75	0.0	0.75	1.0	NULL
460.5	3.0	2.5	1.0	td_na
463.0	0.0	0.5	1.0	NULL
463.5	2.0	2.5	1.0	td_diff
466.0	0.0	0.0	1.0	NULL
466.0	3.0	2.5	1.0	td_na
468.5	0.0	0.25	1.0	NULL
468.75	2.0	2.5	1.0	td_diff
471.25	0.0	0.0	1.0	NULL
471.25	2.0	2.5	1.0	td_diff
473.75	0.0	0.25	1.0	NULL
474.0	2.0	2.5	1.0	td_diff
476.5	0.0	0.75	1.0	NULL
477.25	3.0	2.5	1.0	td_na
479.75	0.0	1.5	1.0	NULL
481.25	3.0	2.5	1.0	td_na
483.75	0.0	1.25	1.0	NULL
485.0	1.0	2.5	1.0	td_same
487.5	0.0	0.25	1.0	NULL
487.75	2.0	2.5	1.0	td_diff
490.25	0.0	0.25	1.0	NULL
490.5	2.0	2.5	1.0	td_diff
493.0	0.0	0.25	1.0	NULL
493.25	2.0	2.5	1.0	td_diff
495.75	0.0	0.0	1.0	NULL
495.75	2.0	2.5	1.0	td_diff
498.25	0.0	0.25	1.0	NULL
498.5	2.0	2.5	1.0	td_diff
501.0	0.0	0.25	1.0	NULL
501.25	2.0	2.5	1.0	td_diff
503.75	0.0	0.25	1.0	NULL
504.0	3.0	2.5	1.0	td_na
506.5	0.0	0.75	1.0	NULL
507.25	2.0	2.5	1.0	td_diff
509.75	0.0	0.25	1.0	NULL
510.0	1.0	2.5	1.0	td_same
512.5	0.0	0.25	1.0	NULL
512.75	1.0	2.5	1.0	td_same
515.25	0.0	0.75	1.0	NULL
516.0	1.0	2.5	1.0	td_same
518.5	0.0	0.25	1.0	NULL
518.75	3.0	2.5	1.0	td_na
521.25	0.0	0.25	1.0	NULL
521.5	2.0	2.5	1.0	td_diff
524.0	0.0	0.5	1.0	NULL
524.5	1.0	2.5	1.0	td_same
