3.75
6.5
9.0
14.5
17.25
28.75
31.25
34.0
65.75
68.75
80.5
87.0
90.0
97.25
110.25
124.25
130.0
132.75
139.25
142.0
148.0
151.0
165.25
178.75
182.25
185.25
190.25
193.25
196.5
209.25
212.25
215.5
225.0
227.75
239.0
245.5
256.5
259.75
268.0
274.25
299.25
307.75
310.75
315.0
320.5
328.5
334.0
367.25
372.75
379.0
382.25
385.25
391.0
403.25
414.75
417.25
437.5
446.25
448.75
456.25
480.5
499.5
503.0
515.25
521.0
546.0
548.75
554.5
559.75
562.75
565.75
574.25
580.5
586.5
589.25
592.5
595.5
601.25
607.75
610.75
613.5
635.25
643.75
665.25
668.25
680.0
683.0
687.25
690.5
693.25
