0.0	0.0	0.0	1.0	NULL
0.0	4.0	2.0	1.0	stop_incongruent
2.0	0.0	0.596	1.0	NULL
2.596	1.0	2.0	1.0	go_congruent
4.596	0.0	1.49	1.0	NULL
6.086	4.0	2.0	1.0	stop_incongruent
8.086	0.0	0.596	1.0	NULL
8.682	1.0	2.0	1.0	go_congruent
10.681999999999999	0.0	0.596	1.0	NULL
11.277999999999999	2.0	2.0	1.0	go_incongruent
13.277999999999999	0.0	0.298	1.0	NULL
13.575999999999999	2.0	2.0	1.0	go_incongruent
15.576	0.0	1.192	1.0	NULL
16.768	1.0	2.0	1.0	go_congruent
18.768	0.0	0.596	1.0	NULL
19.364	3.0	2.0	1.0	stop_congruent
21.364	0.0	0.298	1.0	NULL
21.662	1.0	2.0	1.0	go_congruent
23.662	0.0	0.0	1.0	NULL
23.662	2.0	2.0	1.0	go_incongruent
25.662000000000003	0.0	0.596	1.0	NULL
26.258000000000003	1.0	2.0	1.0	go_congruent
28.258	0.0	0.596	1.0	NULL
28.854	1.0	2.0	1.0	go_congruent
30.854	0.0	0.0	1.0	NULL
30.854	3.0	2.0	1.0	stop_congruent
32.854	0.0	0.298	1.0	NULL
33.152	2.0	2.0	1.0	go_incongruent
35.152000000000015	0.0	0.596	1.0	NULL
35.74800000000001	2.0	2.0	1.0	go_incongruent
37.748000000000005	0.0	2.086	1.0	NULL
39.834	1.0	2.0	1.0	go_congruent
41.83400000000001	0.0	0.298	1.0	NULL
42.13200000000001	1.0	2.0	1.0	go_congruent
44.132000000000005	0.0	0.298	1.0	NULL
44.43000000000001	2.0	2.0	1.0	go_incongruent
46.430000000000014	0.0	0.596	1.0	NULL
47.02600000000001	2.0	2.0	1.0	go_incongruent
49.02600000000001	0.0	0.298	1.0	NULL
49.32400000000001	3.0	2.0	1.0	stop_congruent
51.32400000000001	0.0	0.0	1.0	NULL
51.32400000000001	1.0	2.0	1.0	go_congruent
53.32400000000002	0.0	0.298	1.0	NULL
53.62200000000002	4.0	2.0	1.0	stop_incongruent
55.622000000000014	0.0	0.298	1.0	NULL
55.920000000000016	1.0	2.0	1.0	go_congruent
57.920000000000016	0.0	0.298	1.0	NULL
58.21800000000002	2.0	2.0	1.0	go_incongruent
60.21800000000002	0.0	0.8939999999999999	1.0	NULL
61.112000000000016	1.0	2.0	1.0	go_congruent
63.112000000000016	0.0	0.596	1.0	NULL
63.70800000000001	3.0	2.0	1.0	stop_congruent
65.70800000000001	0.0	0.8939999999999999	1.0	NULL
66.60200000000002	3.0	2.0	1.0	stop_congruent
68.60200000000002	0.0	0.596	1.0	NULL
69.19800000000002	2.0	2.0	1.0	go_incongruent
71.19800000000002	0.0	2.98	1.0	NULL
74.17800000000003	2.0	2.0	1.0	go_incongruent
76.17800000000003	0.0	0.596	1.0	NULL
76.77400000000003	4.0	2.0	1.0	stop_incongruent
78.77400000000003	0.0	0.298	1.0	NULL
79.07200000000003	4.0	2.0	1.0	stop_incongruent
81.07200000000003	0.0	0.298	1.0	NULL
81.37000000000003	4.0	2.0	1.0	stop_incongruent
83.37000000000005	0.0	0.596	1.0	NULL
83.96600000000005	2.0	2.0	1.0	go_incongruent
85.96600000000004	0.0	0.596	1.0	NULL
86.56200000000004	1.0	2.0	1.0	go_congruent
88.56200000000004	0.0	0.596	1.0	NULL
89.15800000000004	1.0	2.0	1.0	go_congruent
91.15800000000003	0.0	0.298	1.0	NULL
91.45600000000003	4.0	2.0	1.0	stop_incongruent
93.45600000000003	0.0	0.596	1.0	NULL
94.05200000000004	2.0	2.0	1.0	go_incongruent
96.05200000000004	0.0	0.298	1.0	NULL
96.35000000000004	1.0	2.0	1.0	go_congruent
98.35000000000004	0.0	0.298	1.0	NULL
98.64800000000004	2.0	2.0	1.0	go_incongruent
100.64800000000005	0.0	0.596	1.0	NULL
101.24400000000006	2.0	2.0	1.0	go_incongruent
103.24400000000007	0.0	1.192	1.0	NULL
104.43600000000006	4.0	2.0	1.0	stop_incongruent
106.43600000000008	0.0	0.298	1.0	NULL
106.73400000000008	4.0	2.0	1.0	stop_incongruent
108.73400000000008	0.0	0.298	1.0	NULL
109.03200000000008	3.0	2.0	1.0	stop_congruent
111.03200000000008	0.0	1.192	1.0	NULL
112.22400000000007	3.0	2.0	1.0	stop_congruent
114.22400000000007	0.0	0.8939999999999999	1.0	NULL
115.11800000000008	1.0	2.0	1.0	go_congruent
117.11800000000008	0.0	0.298	1.0	NULL
117.41600000000008	2.0	2.0	1.0	go_incongruent
119.41600000000007	0.0	0.298	1.0	NULL
119.71400000000007	4.0	2.0	1.0	stop_incongruent
121.71400000000007	0.0	0.8939999999999999	1.0	NULL
122.60800000000008	4.0	2.0	1.0	stop_incongruent
124.60800000000008	0.0	0.298	1.0	NULL
124.90600000000008	2.0	2.0	1.0	go_incongruent
126.90600000000008	0.0	0.0	1.0	NULL
126.90600000000008	4.0	2.0	1.0	stop_incongruent
128.9060000000001	0.0	0.596	1.0	NULL
129.5020000000001	2.0	2.0	1.0	go_incongruent
131.5020000000001	0.0	0.596	1.0	NULL
132.0980000000001	1.0	2.0	1.0	go_congruent
134.0980000000001	0.0	0.298	1.0	NULL
134.3960000000001	1.0	2.0	1.0	go_congruent
136.3960000000001	0.0	0.596	1.0	NULL
136.9920000000001	4.0	2.0	1.0	stop_incongruent
138.9920000000001	0.0	0.596	1.0	NULL
139.5880000000001	1.0	2.0	1.0	go_congruent
141.5880000000001	0.0	0.298	1.0	NULL
141.8860000000001	4.0	2.0	1.0	stop_incongruent
143.88600000000008	0.0	0.298	1.0	NULL
144.18400000000008	1.0	2.0	1.0	go_congruent
146.18400000000014	0.0	0.8939999999999999	1.0	NULL
147.07800000000015	4.0	2.0	1.0	stop_incongruent
149.07800000000015	0.0	0.298	1.0	NULL
149.37600000000015	2.0	2.0	1.0	go_incongruent
151.37600000000012	0.0	0.298	1.0	NULL
151.67400000000012	1.0	2.0	1.0	go_congruent
163.67400000000012	0.0	0.298	1.0	NULL
163.97200000000012	3.0	2.0	1.0	stop_congruent
165.97200000000012	0.0	0.0	1.0	NULL
165.97200000000012	1.0	2.0	1.0	go_congruent
167.97200000000012	0.0	0.298	1.0	NULL
168.27000000000012	1.0	2.0	1.0	go_congruent
170.27000000000012	0.0	0.298	1.0	NULL
170.56800000000013	2.0	2.0	1.0	go_incongruent
172.56800000000013	0.0	0.298	1.0	NULL
172.86600000000013	2.0	2.0	1.0	go_incongruent
174.8660000000001	0.0	0.8939999999999999	1.0	NULL
175.7600000000001	1.0	2.0	1.0	go_congruent
177.7600000000001	0.0	0.298	1.0	NULL
178.0580000000001	4.0	2.0	1.0	stop_incongruent
180.0580000000001	0.0	0.596	1.0	NULL
180.6540000000001	4.0	2.0	1.0	stop_incongruent
182.6540000000001	0.0	0.8939999999999999	1.0	NULL
183.54800000000012	2.0	2.0	1.0	go_incongruent
185.54800000000012	0.0	0.8939999999999999	1.0	NULL
186.44200000000012	1.0	2.0	1.0	go_congruent
188.44200000000012	0.0	0.596	1.0	NULL
189.03800000000012	2.0	2.0	1.0	go_incongruent
191.03800000000015	0.0	0.8939999999999999	1.0	NULL
191.93200000000016	3.0	2.0	1.0	stop_congruent
193.93200000000016	0.0	0.298	1.0	NULL
194.23000000000016	3.0	2.0	1.0	stop_congruent
196.23000000000016	0.0	0.8939999999999999	1.0	NULL
197.12400000000017	1.0	2.0	1.0	go_congruent
199.12400000000014	0.0	0.8939999999999999	1.0	NULL
200.01800000000014	4.0	2.0	1.0	stop_incongruent
202.01800000000014	0.0	0.596	1.0	NULL
202.61400000000015	3.0	2.0	1.0	stop_congruent
204.61400000000015	0.0	1.7879999999999998	1.0	NULL
206.40200000000016	1.0	2.0	1.0	go_congruent
208.40200000000019	0.0	0.298	1.0	NULL
208.7000000000002	2.0	2.0	1.0	go_incongruent
210.7000000000002	0.0	0.596	1.0	NULL
211.2960000000002	1.0	2.0	1.0	go_congruent
213.2960000000002	0.0	0.298	1.0	NULL
213.5940000000002	1.0	2.0	1.0	go_congruent
215.5940000000002	0.0	0.0	1.0	NULL
215.5940000000002	4.0	2.0	1.0	stop_incongruent
217.5940000000002	0.0	0.596	1.0	NULL
218.1900000000002	3.0	2.0	1.0	stop_congruent
220.1900000000002	0.0	0.298	1.0	NULL
220.4880000000002	4.0	2.0	1.0	stop_incongruent
222.4880000000002	0.0	0.298	1.0	NULL
222.7860000000002	3.0	2.0	1.0	stop_congruent
224.7860000000002	0.0	0.0	1.0	NULL
224.7860000000002	1.0	2.0	1.0	go_congruent
226.7860000000002	0.0	0.298	1.0	NULL
227.0840000000002	4.0	2.0	1.0	stop_incongruent
229.0840000000002	0.0	0.0	1.0	NULL
229.0840000000002	2.0	2.0	1.0	go_incongruent
231.08400000000017	0.0	0.8939999999999999	1.0	NULL
231.97800000000018	2.0	2.0	1.0	go_incongruent
233.97800000000018	0.0	0.0	1.0	NULL
233.97800000000018	1.0	2.0	1.0	go_congruent
235.97800000000018	0.0	0.298	1.0	NULL
236.27600000000018	2.0	2.0	1.0	go_incongruent
238.27600000000018	0.0	0.596	1.0	NULL
238.87200000000018	2.0	2.0	1.0	go_incongruent
240.87200000000027	0.0	0.596	1.0	NULL
241.46800000000027	3.0	2.0	1.0	stop_congruent
243.46800000000027	0.0	0.298	1.0	NULL
243.76600000000028	3.0	2.0	1.0	stop_congruent
245.76600000000028	0.0	0.596	1.0	NULL
246.36200000000028	4.0	2.0	1.0	stop_incongruent
248.36200000000028	0.0	0.0	1.0	NULL
248.36200000000028	1.0	2.0	1.0	go_congruent
250.36200000000025	0.0	0.596	1.0	NULL
250.95800000000025	1.0	2.0	1.0	go_congruent
252.95800000000025	0.0	0.298	1.0	NULL
253.25600000000026	3.0	2.0	1.0	stop_congruent
255.2560000000002	0.0	0.596	1.0	NULL
255.8520000000002	4.0	2.0	1.0	stop_incongruent
257.8520000000002	0.0	0.298	1.0	NULL
258.1500000000002	4.0	2.0	1.0	stop_incongruent
260.1500000000002	0.0	0.298	1.0	NULL
260.4480000000002	1.0	2.0	1.0	go_congruent
262.4480000000002	0.0	0.298	1.0	NULL
262.7460000000002	4.0	2.0	1.0	stop_incongruent
264.7460000000002	0.0	0.0	1.0	NULL
264.7460000000002	4.0	2.0	1.0	stop_incongruent
266.7460000000002	0.0	0.298	1.0	NULL
267.0440000000002	2.0	2.0	1.0	go_incongruent
269.0440000000002	0.0	0.298	1.0	NULL
269.3420000000002	2.0	2.0	1.0	go_incongruent
271.3420000000002	0.0	0.298	1.0	NULL
271.6400000000002	4.0	2.0	1.0	stop_incongruent
273.64000000000016	0.0	0.8939999999999999	1.0	NULL
274.53400000000016	2.0	2.0	1.0	go_incongruent
276.53400000000016	0.0	0.596	1.0	NULL
277.13000000000017	4.0	2.0	1.0	stop_incongruent
279.13000000000017	0.0	0.298	1.0	NULL
279.42800000000017	1.0	2.0	1.0	go_congruent
281.42800000000017	0.0	0.298	1.0	NULL
281.72600000000017	4.0	2.0	1.0	stop_incongruent
283.72600000000017	0.0	0.298	1.0	NULL
284.02400000000017	1.0	2.0	1.0	go_congruent
286.0240000000003	0.0	0.596	1.0	NULL
286.6200000000003	2.0	2.0	1.0	go_incongruent
288.6200000000003	0.0	0.596	1.0	NULL
289.2160000000003	1.0	2.0	1.0	go_congruent
291.2160000000003	0.0	0.298	1.0	NULL
291.5140000000003	1.0	2.0	1.0	go_congruent
293.51400000000024	0.0	1.192	1.0	NULL
294.70600000000024	1.0	2.0	1.0	go_congruent
296.70600000000024	0.0	0.298	1.0	NULL
297.00400000000025	3.0	2.0	1.0	stop_congruent
299.00400000000025	0.0	1.49	1.0	NULL
300.49400000000026	4.0	2.0	1.0	stop_incongruent
302.49400000000026	0.0	0.596	1.0	NULL
303.09000000000026	4.0	2.0	1.0	stop_incongruent
305.09000000000026	0.0	0.298	1.0	NULL
305.38800000000026	4.0	2.0	1.0	stop_incongruent
307.38800000000026	0.0	0.298	1.0	NULL
307.68600000000026	4.0	2.0	1.0	stop_incongruent
309.68600000000026	0.0	0.298	1.0	NULL
309.98400000000026	1.0	2.0	1.0	go_congruent
321.98400000000026	0.0	0.596	1.0	NULL
322.58000000000027	4.0	2.0	1.0	stop_incongruent
324.5800000000003	0.0	0.596	1.0	NULL
325.17600000000033	4.0	2.0	1.0	stop_incongruent
327.1760000000003	0.0	1.192	1.0	NULL
328.3680000000003	1.0	2.0	1.0	go_congruent
330.3680000000003	0.0	0.298	1.0	NULL
330.6660000000003	4.0	2.0	1.0	stop_incongruent
332.6660000000003	0.0	0.298	1.0	NULL
332.9640000000003	4.0	2.0	1.0	stop_incongruent
334.9640000000003	0.0	0.596	1.0	NULL
335.5600000000003	3.0	2.0	1.0	stop_congruent
337.5600000000003	0.0	0.596	1.0	NULL
338.1560000000003	2.0	2.0	1.0	go_incongruent
340.1560000000003	0.0	0.0	1.0	NULL
340.1560000000003	2.0	2.0	1.0	go_incongruent
342.1560000000003	0.0	0.298	1.0	NULL
342.4540000000003	3.0	2.0	1.0	stop_congruent
344.4540000000003	0.0	0.298	1.0	NULL
344.7520000000003	1.0	2.0	1.0	go_congruent
346.7520000000003	0.0	0.298	1.0	NULL
347.0500000000003	1.0	2.0	1.0	go_congruent
349.0500000000003	0.0	1.192	1.0	NULL
350.2420000000003	4.0	2.0	1.0	stop_incongruent
352.2420000000003	0.0	0.298	1.0	NULL
352.5400000000003	4.0	2.0	1.0	stop_incongruent
354.5400000000003	0.0	0.596	1.0	NULL
355.1360000000003	1.0	2.0	1.0	go_congruent
357.1360000000003	0.0	0.0	1.0	NULL
357.1360000000003	4.0	2.0	1.0	stop_incongruent
359.1360000000003	0.0	0.0	1.0	NULL
359.1360000000003	4.0	2.0	1.0	stop_incongruent
361.1360000000003	0.0	0.0	1.0	NULL
361.1360000000003	1.0	2.0	1.0	go_congruent
363.1360000000003	0.0	0.298	1.0	NULL
363.4340000000003	3.0	2.0	1.0	stop_congruent
365.4340000000003	0.0	0.298	1.0	NULL
365.7320000000003	3.0	2.0	1.0	stop_congruent
367.7320000000003	0.0	0.0	1.0	NULL
367.7320000000003	4.0	2.0	1.0	stop_incongruent
369.7320000000003	0.0	0.298	1.0	NULL
370.0300000000003	4.0	2.0	1.0	stop_incongruent
372.0300000000003	0.0	0.298	1.0	NULL
372.3280000000003	1.0	2.0	1.0	go_congruent
374.3280000000003	0.0	0.298	1.0	NULL
374.6260000000003	1.0	2.0	1.0	go_congruent
376.6260000000003	0.0	0.596	1.0	NULL
377.2220000000003	1.0	2.0	1.0	go_congruent
379.2220000000003	0.0	0.8939999999999999	1.0	NULL
380.1160000000003	3.0	2.0	1.0	stop_congruent
382.11600000000027	0.0	1.49	1.0	NULL
383.6060000000003	4.0	2.0	1.0	stop_incongruent
385.6060000000003	0.0	0.596	1.0	NULL
386.2020000000003	2.0	2.0	1.0	go_incongruent
388.2020000000003	0.0	0.298	1.0	NULL
388.5000000000003	4.0	2.0	1.0	stop_incongruent
390.5000000000003	0.0	0.0	1.0	NULL
390.5000000000003	4.0	2.0	1.0	stop_incongruent
392.5000000000003	0.0	0.298	1.0	NULL
392.7980000000003	3.0	2.0	1.0	stop_congruent
394.7980000000004	0.0	0.596	1.0	NULL
395.3940000000004	4.0	2.0	1.0	stop_incongruent
397.3940000000004	0.0	0.298	1.0	NULL
397.6920000000004	1.0	2.0	1.0	go_congruent
399.6920000000004	0.0	0.0	1.0	NULL
399.6920000000004	2.0	2.0	1.0	go_incongruent
401.6920000000004	0.0	0.596	1.0	NULL
402.2880000000004	2.0	2.0	1.0	go_incongruent
404.28800000000035	0.0	1.192	1.0	NULL
405.48000000000036	3.0	2.0	1.0	stop_congruent
407.48000000000036	0.0	0.8939999999999999	1.0	NULL
408.37400000000036	4.0	2.0	1.0	stop_incongruent
410.37400000000036	0.0	0.0	1.0	NULL
410.37400000000036	1.0	2.0	1.0	go_congruent
412.37400000000036	0.0	0.298	1.0	NULL
412.67200000000037	1.0	2.0	1.0	go_congruent
414.67200000000037	0.0	0.8939999999999999	1.0	NULL
415.5660000000004	2.0	2.0	1.0	go_incongruent
417.5660000000004	0.0	0.596	1.0	NULL
418.1620000000004	4.0	2.0	1.0	stop_incongruent
420.1620000000004	0.0	0.298	1.0	NULL
420.4600000000004	4.0	2.0	1.0	stop_incongruent
422.4600000000004	0.0	0.8939999999999999	1.0	NULL
423.3540000000004	1.0	2.0	1.0	go_congruent
425.3540000000004	0.0	0.0	1.0	NULL
425.3540000000004	4.0	2.0	1.0	stop_incongruent
427.3540000000004	0.0	0.596	1.0	NULL
427.9500000000004	4.0	2.0	1.0	stop_incongruent
429.9500000000004	0.0	0.596	1.0	NULL
430.5460000000004	1.0	2.0	1.0	go_congruent
432.5460000000004	0.0	0.298	1.0	NULL
432.8440000000004	3.0	2.0	1.0	stop_congruent
434.8440000000004	0.0	0.0	1.0	NULL
434.8440000000004	1.0	2.0	1.0	go_congruent
436.8440000000004	0.0	1.192	1.0	NULL
438.0360000000004	3.0	2.0	1.0	stop_congruent
440.0360000000004	0.0	0.298	1.0	NULL
440.3340000000004	1.0	2.0	1.0	go_congruent
442.3340000000004	0.0	0.0	1.0	NULL
442.3340000000004	1.0	2.0	1.0	go_congruent
444.3340000000004	0.0	1.192	1.0	NULL
445.5260000000004	3.0	2.0	1.0	stop_congruent
447.52600000000035	0.0	0.298	1.0	NULL
447.82400000000035	1.0	2.0	1.0	go_congruent
449.82400000000035	0.0	0.298	1.0	NULL
450.12200000000036	2.0	2.0	1.0	go_incongruent
452.12200000000036	0.0	0.298	1.0	NULL
452.42000000000036	4.0	2.0	1.0	stop_incongruent
454.42000000000036	0.0	0.298	1.0	NULL
454.71800000000036	2.0	2.0	1.0	go_incongruent
456.71800000000036	0.0	0.0	1.0	NULL
456.71800000000036	1.0	2.0	1.0	go_congruent
458.71800000000036	0.0	0.298	1.0	NULL
459.01600000000036	2.0	2.0	1.0	go_incongruent
461.01600000000036	0.0	0.8939999999999999	1.0	NULL
461.91000000000037	4.0	2.0	1.0	stop_incongruent
463.91000000000037	0.0	1.192	1.0	NULL
465.1020000000004	1.0	2.0	1.0	go_congruent
467.1020000000004	0.0	0.298	1.0	NULL
467.4000000000004	4.0	2.0	1.0	stop_incongruent
479.40000000000055	0.0	0.8939999999999999	1.0	NULL
480.29400000000055	3.0	2.0	1.0	stop_congruent
482.29400000000055	0.0	0.298	1.0	NULL
482.59200000000055	4.0	2.0	1.0	stop_incongruent
484.59200000000055	0.0	0.8939999999999999	1.0	NULL
485.48600000000056	3.0	2.0	1.0	stop_congruent
487.48600000000056	0.0	0.596	1.0	NULL
488.08200000000056	1.0	2.0	1.0	go_congruent
490.0820000000005	0.0	0.298	1.0	NULL
490.3800000000005	1.0	2.0	1.0	go_congruent
492.3800000000005	0.0	0.596	1.0	NULL
492.9760000000005	3.0	2.0	1.0	stop_congruent
494.9760000000005	0.0	0.0	1.0	NULL
494.9760000000005	3.0	2.0	1.0	stop_congruent
496.9760000000005	0.0	0.596	1.0	NULL
497.5720000000005	1.0	2.0	1.0	go_congruent
499.5720000000005	0.0	0.298	1.0	NULL
499.8700000000005	2.0	2.0	1.0	go_incongruent
501.8700000000005	0.0	0.298	1.0	NULL
502.1680000000005	2.0	2.0	1.0	go_incongruent
504.1680000000005	0.0	0.8939999999999999	1.0	NULL
505.0620000000005	4.0	2.0	1.0	stop_incongruent
507.0620000000005	0.0	0.298	1.0	NULL
507.3600000000005	1.0	2.0	1.0	go_congruent
509.3600000000005	0.0	0.0	1.0	NULL
509.3600000000005	1.0	2.0	1.0	go_congruent
511.3600000000005	0.0	0.298	1.0	NULL
511.6580000000005	1.0	2.0	1.0	go_congruent
513.6580000000006	0.0	0.298	1.0	NULL
513.9560000000006	1.0	2.0	1.0	go_congruent
515.9560000000006	0.0	0.298	1.0	NULL
516.2540000000006	4.0	2.0	1.0	stop_incongruent
518.2540000000006	0.0	0.298	1.0	NULL
518.5520000000006	2.0	2.0	1.0	go_incongruent
520.5520000000005	0.0	0.298	1.0	NULL
520.8500000000005	1.0	2.0	1.0	go_congruent
522.8500000000005	0.0	1.192	1.0	NULL
524.0420000000005	1.0	2.0	1.0	go_congruent
526.0420000000005	0.0	0.298	1.0	NULL
526.3400000000005	3.0	2.0	1.0	stop_congruent
528.3400000000005	0.0	0.596	1.0	NULL
528.9360000000005	2.0	2.0	1.0	go_incongruent
530.9360000000005	0.0	0.298	1.0	NULL
531.2340000000005	2.0	2.0	1.0	go_incongruent
533.2340000000005	0.0	0.298	1.0	NULL
533.5320000000005	1.0	2.0	1.0	go_congruent
535.5320000000005	0.0	0.596	1.0	NULL
536.1280000000005	2.0	2.0	1.0	go_incongruent
538.1280000000005	0.0	0.298	1.0	NULL
538.4260000000005	3.0	2.0	1.0	stop_congruent
540.4260000000005	0.0	0.596	1.0	NULL
541.0220000000005	1.0	2.0	1.0	go_congruent
543.0220000000005	0.0	0.298	1.0	NULL
543.3200000000005	1.0	2.0	1.0	go_congruent
545.3200000000005	0.0	0.0	1.0	NULL
545.3200000000005	1.0	2.0	1.0	go_congruent
547.3200000000005	0.0	0.0	1.0	NULL
547.3200000000005	2.0	2.0	1.0	go_incongruent
549.3200000000005	0.0	0.8939999999999999	1.0	NULL
550.2140000000005	1.0	2.0	1.0	go_congruent
552.2140000000005	0.0	0.298	1.0	NULL
552.5120000000005	2.0	2.0	1.0	go_incongruent
554.5120000000005	0.0	0.298	1.0	NULL
554.8100000000005	1.0	2.0	1.0	go_congruent
556.8100000000005	0.0	0.0	1.0	NULL
556.8100000000005	1.0	2.0	1.0	go_congruent
558.8100000000005	0.0	0.596	1.0	NULL
559.4060000000005	2.0	2.0	1.0	go_incongruent
561.4060000000005	0.0	0.298	1.0	NULL
561.7040000000005	4.0	2.0	1.0	stop_incongruent
563.7040000000005	0.0	0.298	1.0	NULL
564.0020000000005	1.0	2.0	1.0	go_congruent
566.0020000000005	0.0	0.298	1.0	NULL
566.3000000000005	1.0	2.0	1.0	go_congruent
568.3000000000005	0.0	0.596	1.0	NULL
568.8960000000005	1.0	2.0	1.0	go_congruent
570.8960000000005	0.0	0.298	1.0	NULL
571.1940000000005	1.0	2.0	1.0	go_congruent
573.1940000000005	0.0	0.298	1.0	NULL
573.4920000000005	1.0	2.0	1.0	go_congruent
575.4920000000005	0.0	0.298	1.0	NULL
575.7900000000005	2.0	2.0	1.0	go_incongruent
577.7900000000005	0.0	0.298	1.0	NULL
578.0880000000005	2.0	2.0	1.0	go_incongruent
580.0880000000005	0.0	0.596	1.0	NULL
580.6840000000005	3.0	2.0	1.0	stop_congruent
582.6840000000005	0.0	0.596	1.0	NULL
583.2800000000005	4.0	2.0	1.0	stop_incongruent
585.2800000000005	0.0	0.0	1.0	NULL
585.2800000000005	1.0	2.0	1.0	go_congruent
587.2800000000005	0.0	0.298	1.0	NULL
587.5780000000005	1.0	2.0	1.0	go_congruent
589.5780000000005	0.0	0.596	1.0	NULL
590.1740000000005	1.0	2.0	1.0	go_congruent
592.1740000000005	0.0	0.0	1.0	NULL
592.1740000000005	4.0	2.0	1.0	stop_incongruent
594.1740000000005	0.0	0.298	1.0	NULL
594.4720000000005	1.0	2.0	1.0	go_congruent
596.4720000000005	0.0	0.0	1.0	NULL
596.4720000000005	2.0	2.0	1.0	go_incongruent
598.4720000000007	0.0	0.298	1.0	NULL
598.7700000000007	3.0	2.0	1.0	stop_congruent
600.7700000000007	0.0	0.298	1.0	NULL
601.0680000000007	3.0	2.0	1.0	stop_congruent
603.0680000000006	0.0	0.298	1.0	NULL
603.3660000000006	3.0	2.0	1.0	stop_congruent
605.3660000000006	0.0	0.0	1.0	NULL
605.3660000000006	2.0	2.0	1.0	go_incongruent
607.3660000000006	0.0	0.596	1.0	NULL
607.9620000000006	3.0	2.0	1.0	stop_congruent
609.9620000000006	0.0	0.596	1.0	NULL
610.5580000000006	3.0	2.0	1.0	stop_congruent
612.5580000000006	0.0	0.8939999999999999	1.0	NULL
613.4520000000006	4.0	2.0	1.0	stop_incongruent
615.4520000000006	0.0	0.596	1.0	NULL
616.0480000000006	1.0	2.0	1.0	go_congruent
618.0480000000006	0.0	0.298	1.0	NULL
618.3460000000006	1.0	2.0	1.0	go_congruent
620.3460000000006	0.0	0.298	1.0	NULL
620.6440000000006	2.0	2.0	1.0	go_incongruent
632.6440000000006	0.0	0.298	1.0	NULL
632.9420000000006	1.0	2.0	1.0	go_congruent
634.9420000000006	0.0	0.0	1.0	NULL
634.9420000000006	2.0	2.0	1.0	go_incongruent
636.9420000000006	0.0	0.298	1.0	NULL
637.2400000000006	1.0	2.0	1.0	go_congruent
639.2400000000006	0.0	0.298	1.0	NULL
639.5380000000006	4.0	2.0	1.0	stop_incongruent
641.5380000000006	0.0	0.298	1.0	NULL
641.8360000000006	1.0	2.0	1.0	go_congruent
643.8360000000006	0.0	0.298	1.0	NULL
644.1340000000006	3.0	2.0	1.0	stop_congruent
646.1340000000006	0.0	0.298	1.0	NULL
646.4320000000006	4.0	2.0	1.0	stop_incongruent
648.4320000000006	0.0	0.596	1.0	NULL
649.0280000000006	1.0	2.0	1.0	go_congruent
651.0280000000006	0.0	0.298	1.0	NULL
651.3260000000006	2.0	2.0	1.0	go_incongruent
653.3260000000006	0.0	0.0	1.0	NULL
653.3260000000006	2.0	2.0	1.0	go_incongruent
655.3260000000006	0.0	0.298	1.0	NULL
655.6240000000006	3.0	2.0	1.0	stop_congruent
657.6240000000006	0.0	0.298	1.0	NULL
657.9220000000006	1.0	2.0	1.0	go_congruent
659.9220000000006	0.0	0.298	1.0	NULL
660.2200000000006	4.0	2.0	1.0	stop_incongruent
662.2200000000006	0.0	0.8939999999999999	1.0	NULL
663.1140000000006	1.0	2.0	1.0	go_congruent
665.1140000000006	0.0	1.49	1.0	NULL
666.6040000000006	1.0	2.0	1.0	go_congruent
668.6040000000006	0.0	0.8939999999999999	1.0	NULL
669.4980000000006	2.0	2.0	1.0	go_incongruent
671.4980000000006	0.0	0.596	1.0	NULL
672.0940000000006	1.0	2.0	1.0	go_congruent
674.0940000000006	0.0	0.298	1.0	NULL
674.3920000000006	1.0	2.0	1.0	go_congruent
676.3920000000006	0.0	0.298	1.0	NULL
676.6900000000006	1.0	2.0	1.0	go_congruent
678.6900000000006	0.0	0.298	1.0	NULL
678.9880000000006	3.0	2.0	1.0	stop_congruent
680.9880000000006	0.0	0.0	1.0	NULL
680.9880000000006	2.0	2.0	1.0	go_incongruent
682.9880000000006	0.0	0.298	1.0	NULL
683.2860000000006	1.0	2.0	1.0	go_congruent
685.2860000000006	0.0	0.0	1.0	NULL
685.2860000000006	3.0	2.0	1.0	stop_congruent
687.2860000000006	0.0	0.298	1.0	NULL
687.5840000000006	1.0	2.0	1.0	go_congruent
689.5840000000006	0.0	0.596	1.0	NULL
690.1800000000006	3.0	2.0	1.0	stop_congruent
692.1800000000006	0.0	0.298	1.0	NULL
692.4780000000006	1.0	2.0	1.0	go_congruent
694.4780000000006	0.0	0.298	1.0	NULL
694.7760000000006	4.0	2.0	1.0	stop_incongruent
696.7760000000006	0.0	0.298	1.0	NULL
697.0740000000006	1.0	2.0	1.0	go_congruent
699.0740000000006	0.0	0.596	1.0	NULL
699.6700000000006	1.0	2.0	1.0	go_congruent
701.6700000000006	0.0	0.298	1.0	NULL
701.9680000000006	1.0	2.0	1.0	go_congruent
703.9680000000006	0.0	0.0	1.0	NULL
703.9680000000006	4.0	2.0	1.0	stop_incongruent
705.9680000000006	0.0	0.8939999999999999	1.0	NULL
706.8620000000006	4.0	2.0	1.0	stop_incongruent
708.8620000000006	0.0	0.0	1.0	NULL
708.8620000000006	2.0	2.0	1.0	go_incongruent
710.8620000000008	0.0	0.596	1.0	NULL
711.4580000000008	1.0	2.0	1.0	go_congruent
713.4580000000008	0.0	0.596	1.0	NULL
714.0540000000008	4.0	2.0	1.0	stop_incongruent
716.0540000000008	0.0	0.8939999999999999	1.0	NULL
716.9480000000008	2.0	2.0	1.0	go_incongruent
718.9480000000008	0.0	1.49	1.0	NULL
720.4380000000008	1.0	2.0	1.0	go_congruent
722.4380000000008	0.0	1.7879999999999998	1.0	NULL
724.2260000000008	2.0	2.0	1.0	go_incongruent
726.2260000000008	0.0	0.596	1.0	NULL
726.8220000000008	1.0	2.0	1.0	go_congruent
728.8220000000008	0.0	0.298	1.0	NULL
729.1200000000008	2.0	2.0	1.0	go_incongruent
731.1200000000008	0.0	0.0	1.0	NULL
731.1200000000008	3.0	2.0	1.0	stop_congruent
733.1200000000008	0.0	0.298	1.0	NULL
733.4180000000008	2.0	2.0	1.0	go_incongruent
735.4180000000008	0.0	0.298	1.0	NULL
735.7160000000008	1.0	2.0	1.0	go_congruent
737.7160000000008	0.0	0.298	1.0	NULL
738.0140000000008	2.0	2.0	1.0	go_incongruent
740.0140000000008	0.0	0.298	1.0	NULL
740.3120000000008	1.0	2.0	1.0	go_congruent
742.3120000000008	0.0	0.298	1.0	NULL
742.6100000000008	1.0	2.0	1.0	go_congruent
744.6100000000008	0.0	0.0	1.0	NULL
744.6100000000008	2.0	2.0	1.0	go_incongruent
746.6100000000008	0.0	0.298	1.0	NULL
746.9080000000008	2.0	2.0	1.0	go_incongruent
748.9080000000008	0.0	0.298	1.0	NULL
749.2060000000008	1.0	2.0	1.0	go_congruent
751.2060000000008	0.0	0.298	1.0	NULL
751.5040000000008	1.0	2.0	1.0	go_congruent
753.5040000000007	0.0	0.8939999999999999	1.0	NULL
754.3980000000007	1.0	2.0	1.0	go_congruent
756.3980000000007	0.0	0.298	1.0	NULL
756.6960000000007	2.0	2.0	1.0	go_incongruent
758.6960000000007	0.0	0.298	1.0	NULL
758.9940000000007	2.0	2.0	1.0	go_incongruent
760.9940000000007	0.0	0.596	1.0	NULL
761.5900000000007	1.0	2.0	1.0	go_congruent
763.5900000000007	0.0	1.7879999999999998	1.0	NULL
765.3780000000007	2.0	2.0	1.0	go_incongruent
767.3780000000007	0.0	0.596	1.0	NULL
767.9740000000007	3.0	2.0	1.0	stop_congruent
769.9740000000007	0.0	2.98	1.0	NULL
772.9540000000007	2.0	2.0	1.0	go_incongruent
774.9540000000007	0.0	0.298	1.0	NULL
775.2520000000007	3.0	2.0	1.0	stop_congruent
777.2520000000007	0.0	0.298	1.0	NULL
777.5500000000008	3.0	2.0	1.0	stop_congruent
779.5500000000008	0.0	0.298	1.0	NULL
779.8480000000008	1.0	2.0	1.0	go_congruent
