11.278
13.576
23.662
33.152
35.748000000000005
44.43000000000001
47.02600000000001
58.21800000000002
69.19800000000002
74.17800000000003
83.96600000000004
94.05200000000005
98.64800000000005
101.24400000000006
117.41600000000008
124.90600000000009
129.5020000000001
149.37600000000012
170.56800000000013
172.86600000000013
183.54800000000014
189.03800000000015
208.7000000000002
229.0840000000002
231.9780000000002
236.2760000000002
238.8720000000002
267.0440000000002
269.3420000000002
274.5340000000002
286.62000000000023
338.1560000000003
340.1560000000003
386.20200000000034
399.69200000000035
402.28800000000035
415.5660000000004
450.1220000000004
454.7180000000004
459.0160000000004
499.87000000000046
502.16800000000046
518.5520000000005
528.9360000000005
531.2340000000005
536.1280000000005
547.3200000000005
552.5120000000005
559.4060000000005
575.7900000000005
578.0880000000005
596.4720000000005
605.3660000000006
620.6440000000006
634.9420000000006
651.3260000000006
653.3260000000006
669.4980000000006
680.9880000000006
708.8620000000006
716.9480000000007
724.2260000000007
729.1200000000007
733.4180000000007
738.0140000000007
744.6100000000007
746.9080000000007
756.6960000000007
758.9940000000007
765.3780000000007
772.9540000000007
