19.364
30.854
49.32400000000001
63.70800000000001
66.60200000000002
109.03200000000007
112.22400000000007
163.97200000000012
191.93200000000016
194.23000000000016
202.61400000000017
218.1900000000002
222.7860000000002
241.46800000000022
243.76600000000022
253.25600000000023
297.00400000000025
335.5600000000003
342.4540000000003
363.4340000000003
365.7320000000003
380.1160000000003
392.79800000000034
405.48000000000036
432.8440000000004
438.0360000000004
445.5260000000004
480.29400000000044
485.48600000000044
492.97600000000045
494.97600000000045
526.3400000000005
538.4260000000005
580.6840000000005
598.7700000000006
601.0680000000006
603.3660000000006
607.9620000000006
610.5580000000006
644.1340000000006
655.6240000000006
678.9880000000006
685.2860000000006
690.1800000000006
731.1200000000007
767.9740000000007
775.2520000000007
777.5500000000008
