2.25
13.0
15.5
17.75
20.25
23.0
25.25
27.75
32.25
44.25
46.5
56.75
75.75
78.0
85.5
87.75
90.25
95.75
98.0
100.25
102.25
109.5
126.0
129.0
131.25
134.0
138.0
140.25
143.25
155.75
167.5
169.75
174.75
178.0
184.25
187.0
189.25
193.75
196.25
201.5
209.0
213.75
223.0
231.25
233.5
235.75
238.0
240.25
242.75
267.5
273.0
275.25
279.25
282.25
290.0
292.0
301.75
307.0
311.75
316.0
320.5
322.75
329.75
334.25
339.25
343.75
346.25
348.5
355.25
357.25
365.0
367.25
384.25
387.5
393.0
395.25
397.25
399.5
402.5
409.25
421.25
425.75
428.0
430.25
432.5
435.0
442.25
457.25
459.5
462.0
468.75
477.75
482.5
484.75
486.75
491.25
