0.0
5.0
7.5
9.5
30.0
34.5
36.75
39.25
42.0
49.0
52.0
54.5
59.0
61.5
63.5
65.75
68.0
70.75
72.75
80.5
83.0
92.75
104.75
107.0
111.75
113.75
136.0
147.0
149.0
151.5
153.5
158.25
160.5
162.75
165.25
172.25
180.5
191.5
199.0
204.25
206.5
211.5
216.0
218.25
220.5
226.25
228.75
255.75
258.0
260.75
263.0
265.25
269.75
277.25
284.5
287.25
295.0
297.25
299.75
304.5
309.25
313.75
318.25
325.0
327.5
332.0
336.5
341.5
350.75
353.0
359.5
361.75
379.75
382.0
390.25
404.75
407.0
411.5
414.5
416.75
418.75
423.5
437.5
440.0
445.0
447.25
449.5
452.25
454.75
464.25
466.5
471.0
473.0
475.5
480.0
489.25
