0.0
2.75
18.5
26.0
35.75
37.75
40.75
43.25
45.5
47.75
53.5
59.25
61.75
64.0
66.25
73.25
80.0
83.25
88.25
90.5
92.75
95.5
97.75
109.25
111.5
114.0
128.75
136.25
141.25
148.5
151.0
153.5
155.75
160.0
162.25
166.25
171.0
173.25
183.5
197.0
201.5
205.75
208.25
215.5
218.0
225.25
230.25
232.5
240.5
242.75
245.25
265.5
268.25
274.25
279.75
284.75
294.5
299.25
303.75
306.0
310.5
314.0
320.0
339.25
341.75
355.25
362.75
373.5
376.0
378.5
390.75
393.25
395.75
401.25
406.0
408.25
410.5
413.5
421.75
430.75
433.5
438.25
440.5
443.25
445.75
447.75
459.5
461.75
464.0
468.75
476.25
481.25
488.25
490.25
492.5
494.75
499.5
501.75
504.5
