5.0
7.25
11.5
13.5
16.0
21.25
23.5
28.75
31.0
33.25
51.0
57.0
68.5
71.0
75.5
77.75
85.5
100.25
102.75
104.75
107.0
116.25
131.0
134.0
138.75
143.5
146.0
158.0
168.5
175.5
177.5
180.5
185.75
189.0
191.5
193.75
199.25
211.0
213.25
220.25
222.5
227.75
234.5
237.5
247.5
261.0
263.0
271.25
277.5
282.0
287.0
289.25
292.0
297.0
301.5
308.25
317.25
323.0
325.25
327.5
330.0
332.25
334.5
337.0
344.0
346.0
348.25
350.75
353.0
357.5
360.0
365.5
368.5
370.75
398.75
403.5
415.75
418.5
425.75
428.5
435.75
450.0
452.0
454.5
457.0
466.25
471.0
474.0
479.0
483.5
486.0
497.25
507.5
