0.0	0.0	0.0	1.0	NULL
0.0	1.0	2.0	1.0	mismatch
2.0	0.0	0.25	1.0	NULL
2.25	1.0	2.0	1.0	mismatch
4.25	0.0	0.25	1.0	NULL
4.5	1.0	2.0	1.0	mismatch
6.5	0.0	0.75	1.0	NULL
7.25	2.0	2.0	1.0	match
9.25	0.0	1.0	1.0	NULL
10.25	2.0	2.0	1.0	match
12.25	0.0	0.5	1.0	NULL
12.75	1.0	2.0	1.0	mismatch
14.75	0.0	0.25	1.0	NULL
15.0	1.0	2.0	1.0	mismatch
17.0	0.0	0.5	1.0	NULL
17.5	1.0	2.0	1.0	mismatch
19.5	0.0	0.5	1.0	NULL
20.0	1.0	2.0	1.0	mismatch
22.0	0.0	0.25	1.0	NULL
22.25	1.0	2.0	1.0	mismatch
24.25	0.0	0.25	1.0	NULL
24.5	1.0	2.0	1.0	mismatch
26.5	0.0	0.5	1.0	NULL
27.0	1.0	2.0	1.0	mismatch
29.0	0.0	0.25	1.0	NULL
29.25	1.0	2.0	1.0	mismatch
31.25	0.0	0.25	1.0	NULL
31.5	2.0	2.0	1.0	match
33.5	0.0	1.0	1.0	NULL
34.5	1.0	2.0	1.0	mismatch
36.5	0.0	0.25	1.0	NULL
36.75	1.0	2.0	1.0	mismatch
38.75	0.0	0.75	1.0	NULL
39.5	1.0	2.0	1.0	mismatch
41.5	0.0	0.5	1.0	NULL
42.0	2.0	2.0	1.0	match
44.0	0.0	0.75	1.0	NULL
44.75	1.0	2.0	1.0	mismatch
46.75	0.0	0.0	1.0	NULL
46.75	1.0	2.0	1.0	mismatch
48.75	0.0	0.25	1.0	NULL
49.0	1.0	2.0	1.0	mismatch
51.0	0.0	0.25	1.0	NULL
51.25	1.0	2.0	1.0	mismatch
53.25	0.0	0.75	1.0	NULL
54.0	2.0	2.0	1.0	match
56.0	0.0	0.5	1.0	NULL
56.5	2.0	2.0	1.0	match
58.5	0.0	1.5	1.0	NULL
60.0	1.0	2.0	1.0	mismatch
62.0	0.0	0.5	1.0	NULL
62.5	2.0	2.0	1.0	match
64.5	0.0	1.75	1.0	NULL
66.25	2.0	2.0	1.0	match
68.25	0.0	1.5	1.0	NULL
69.75	2.0	2.0	1.0	match
71.75	0.0	2.25	1.0	NULL
74.0	1.0	2.0	1.0	mismatch
76.0	0.0	0.25	1.0	NULL
76.25	2.0	2.0	1.0	match
78.25	0.0	0.5	1.0	NULL
78.75	1.0	2.0	1.0	mismatch
80.75	0.0	0.25	1.0	NULL
81.0	2.0	2.0	1.0	match
83.0	0.0	0.75	1.0	NULL
83.75	2.0	2.0	1.0	match
85.75	0.0	1.25	1.0	NULL
87.0	1.0	2.0	1.0	mismatch
89.0	0.0	0.25	1.0	NULL
89.25	1.0	2.0	1.0	mismatch
91.25	0.0	0.25	1.0	NULL
91.5	2.0	2.0	1.0	match
93.5	0.0	1.25	1.0	NULL
94.75	1.0	2.0	1.0	mismatch
96.75	0.0	0.25	1.0	NULL
97.0	1.0	2.0	1.0	mismatch
99.0	0.0	0.25	1.0	NULL
99.25	1.0	2.0	1.0	mismatch
101.25	0.0	0.25	1.0	NULL
101.5	1.0	2.0	1.0	mismatch
103.5	0.0	0.25	1.0	NULL
103.75	2.0	2.0	1.0	match
105.75	0.0	0.5	1.0	NULL
106.25	2.0	2.0	1.0	match
108.25	0.0	1.0	1.0	NULL
109.25	1.0	2.0	1.0	mismatch
111.25	0.0	0.25	1.0	NULL
111.5	2.0	2.0	1.0	match
113.5	0.0	0.25	1.0	NULL
113.75	1.0	2.0	1.0	mismatch
115.75	0.0	0.25	1.0	NULL
116.0	1.0	2.0	1.0	mismatch
118.0	0.0	0.0	1.0	NULL
118.0	1.0	2.0	1.0	mismatch
120.0	0.0	0.0	1.0	NULL
120.0	1.0	2.0	1.0	mismatch
122.0	0.0	0.25	1.0	NULL
122.25	1.0	2.0	1.0	mismatch
124.25	0.0	0.25	1.0	NULL
124.5	1.0	2.0	1.0	mismatch
126.5	0.0	0.5	1.0	NULL
127.0	2.0	2.0	1.0	match
129.0	0.0	0.75	1.0	NULL
129.75	2.0	2.0	1.0	match
131.75	0.0	0.25	1.0	NULL
132.0	1.0	2.0	1.0	mismatch
134.0	0.0	0.25	1.0	NULL
134.25	1.0	2.0	1.0	mismatch
136.25	0.0	0.25	1.0	NULL
136.5	1.0	2.0	1.0	mismatch
138.5	0.0	0.25	1.0	NULL
138.75	1.0	2.0	1.0	mismatch
140.75	0.0	0.5	1.0	NULL
141.25	1.0	2.0	1.0	mismatch
143.25	0.0	0.25	1.0	NULL
143.5	1.0	2.0	1.0	mismatch
145.5	0.0	0.25	1.0	NULL
145.75	2.0	2.0	1.0	match
147.75	0.0	0.75	1.0	NULL
148.5	1.0	2.0	1.0	mismatch
160.5	0.0	0.25	1.0	NULL
160.75	1.0	2.0	1.0	mismatch
162.75	0.0	0.25	1.0	NULL
163.0	1.0	2.0	1.0	mismatch
165.0	0.0	0.25	1.0	NULL
165.25	2.0	2.0	1.0	match
167.25	0.0	0.75	1.0	NULL
168.0	1.0	2.0	1.0	mismatch
170.0	0.0	0.25	1.0	NULL
170.25	1.0	2.0	1.0	mismatch
172.25	0.0	0.25	1.0	NULL
172.5	1.0	2.0	1.0	mismatch
174.5	0.0	0.25	1.0	NULL
174.75	1.0	2.0	1.0	mismatch
176.75	0.0	0.25	1.0	NULL
177.0	2.0	2.0	1.0	match
179.0	0.0	0.75	1.0	NULL
179.75	1.0	2.0	1.0	mismatch
181.75	0.0	0.5	1.0	NULL
182.25	2.0	2.0	1.0	match
184.25	0.0	1.0	1.0	NULL
185.25	1.0	2.0	1.0	mismatch
187.25	0.0	0.25	1.0	NULL
187.5	1.0	2.0	1.0	mismatch
189.5	0.0	0.5	1.0	NULL
190.0	2.0	2.0	1.0	match
192.0	0.0	0.75	1.0	NULL
192.75	2.0	2.0	1.0	match
194.75	0.0	1.75	1.0	NULL
196.5	1.0	2.0	1.0	mismatch
198.5	0.0	0.25	1.0	NULL
198.75	1.0	2.0	1.0	mismatch
200.75	0.0	0.25	1.0	NULL
201.0	1.0	2.0	1.0	mismatch
203.0	0.0	0.5	1.0	NULL
203.5	1.0	2.0	1.0	mismatch
205.5	0.0	0.25	1.0	NULL
205.75	2.0	2.0	1.0	match
207.75	0.0	0.75	1.0	NULL
208.5	1.0	2.0	1.0	mismatch
210.5	0.0	0.25	1.0	NULL
210.75	1.0	2.0	1.0	mismatch
212.75	0.0	0.5	1.0	NULL
213.25	1.0	2.0	1.0	mismatch
215.25	0.0	0.25	1.0	NULL
215.5	2.0	2.0	1.0	match
217.5	0.0	1.0	1.0	NULL
218.5	2.0	2.0	1.0	match
220.5	0.0	0.5	1.0	NULL
221.0	1.0	2.0	1.0	mismatch
223.0	0.0	0.25	1.0	NULL
223.25	1.0	2.0	1.0	mismatch
225.25	0.0	0.5	1.0	NULL
225.75	1.0	2.0	1.0	mismatch
227.75	0.0	0.5	1.0	NULL
228.25	1.0	2.0	1.0	mismatch
230.25	0.0	0.25	1.0	NULL
230.5	1.0	2.0	1.0	mismatch
232.5	0.0	0.0	1.0	NULL
232.5	1.0	2.0	1.0	mismatch
234.5	0.0	0.75	1.0	NULL
235.25	1.0	2.0	1.0	mismatch
237.25	0.0	0.25	1.0	NULL
237.5	1.0	2.0	1.0	mismatch
239.5	0.0	0.25	1.0	NULL
239.75	1.0	2.0	1.0	mismatch
241.75	0.0	0.25	1.0	NULL
242.0	2.0	2.0	1.0	match
244.0	0.0	1.25	1.0	NULL
245.25	1.0	2.0	1.0	mismatch
247.25	0.0	0.25	1.0	NULL
247.5	1.0	2.0	1.0	mismatch
249.5	0.0	0.25	1.0	NULL
249.75	1.0	2.0	1.0	mismatch
251.75	0.0	0.25	1.0	NULL
252.0	2.0	2.0	1.0	match
254.0	0.0	1.0	1.0	NULL
255.0	2.0	2.0	1.0	match
257.0	0.0	1.0	1.0	NULL
258.0	2.0	2.0	1.0	match
260.0	0.0	0.75	1.0	NULL
260.75	1.0	2.0	1.0	mismatch
262.75	0.0	0.25	1.0	NULL
263.0	2.0	2.0	1.0	match
265.0	0.0	1.5	1.0	NULL
266.5	1.0	2.0	1.0	mismatch
268.5	0.0	0.5	1.0	NULL
269.0	1.0	2.0	1.0	mismatch
271.0	0.0	0.25	1.0	NULL
271.25	1.0	2.0	1.0	mismatch
273.25	0.0	0.25	1.0	NULL
273.5	2.0	2.0	1.0	match
275.5	0.0	0.75	1.0	NULL
276.25	1.0	2.0	1.0	mismatch
278.25	0.0	0.5	1.0	NULL
278.75	1.0	2.0	1.0	mismatch
280.75	0.0	0.25	1.0	NULL
281.0	1.0	2.0	1.0	mismatch
283.0	0.0	0.5	1.0	NULL
283.5	1.0	2.0	1.0	mismatch
285.5	0.0	0.25	1.0	NULL
285.75	1.0	2.0	1.0	mismatch
287.75	0.0	0.25	1.0	NULL
288.0	1.0	2.0	1.0	mismatch
290.0	0.0	0.0	1.0	NULL
290.0	1.0	2.0	1.0	mismatch
292.0	0.0	0.75	1.0	NULL
292.75	2.0	2.0	1.0	match
294.75	0.0	1.0	1.0	NULL
295.75	1.0	2.0	1.0	mismatch
297.75	0.0	0.25	1.0	NULL
298.0	1.0	2.0	1.0	mismatch
300.0	0.0	0.25	1.0	NULL
300.25	1.0	2.0	1.0	mismatch
302.25	0.0	0.25	1.0	NULL
302.5	1.0	2.0	1.0	mismatch
304.5	0.0	0.25	1.0	NULL
304.75	2.0	2.0	1.0	match
306.75	0.0	1.0	1.0	NULL
307.75	1.0	2.0	1.0	mismatch
319.75	0.0	0.25	1.0	NULL
320.0	1.0	2.0	1.0	mismatch
322.0	0.0	0.5	1.0	NULL
322.5	2.0	2.0	1.0	match
324.5	0.0	0.75	1.0	NULL
325.25	1.0	2.0	1.0	mismatch
327.25	0.0	0.25	1.0	NULL
327.5	1.0	2.0	1.0	mismatch
329.5	0.0	0.5	1.0	NULL
330.0	1.0	2.0	1.0	mismatch
332.0	0.0	0.25	1.0	NULL
332.25	1.0	2.0	1.0	mismatch
334.25	0.0	0.75	1.0	NULL
335.0	1.0	2.0	1.0	mismatch
337.0	0.0	0.25	1.0	NULL
337.25	2.0	2.0	1.0	match
339.25	0.0	1.5	1.0	NULL
340.75	1.0	2.0	1.0	mismatch
342.75	0.0	0.5	1.0	NULL
343.25	1.0	2.0	1.0	mismatch
345.25	0.0	0.25	1.0	NULL
345.5	1.0	2.0	1.0	mismatch
347.5	0.0	0.25	1.0	NULL
347.75	2.0	2.0	1.0	match
349.75	0.0	0.75	1.0	NULL
350.5	1.0	2.0	1.0	mismatch
352.5	0.0	0.25	1.0	NULL
352.75	1.0	2.0	1.0	mismatch
354.75	0.0	0.25	1.0	NULL
355.0	1.0	2.0	1.0	mismatch
357.0	0.0	0.25	1.0	NULL
357.25	2.0	2.0	1.0	match
359.25	0.0	0.25	1.0	NULL
359.5	2.0	2.0	1.0	match
361.5	0.0	0.75	1.0	NULL
362.25	1.0	2.0	1.0	mismatch
364.25	0.0	0.25	1.0	NULL
364.5	1.0	2.0	1.0	mismatch
366.5	0.0	0.25	1.0	NULL
366.75	1.0	2.0	1.0	mismatch
368.75	0.0	0.25	1.0	NULL
369.0	1.0	2.0	1.0	mismatch
371.0	0.0	0.25	1.0	NULL
371.25	1.0	2.0	1.0	mismatch
373.25	0.0	0.25	1.0	NULL
373.5	1.0	2.0	1.0	mismatch
375.5	0.0	0.25	1.0	NULL
375.75	2.0	2.0	1.0	match
377.75	0.0	1.0	1.0	NULL
378.75	1.0	2.0	1.0	mismatch
380.75	0.0	0.5	1.0	NULL
381.25	2.0	2.0	1.0	match
383.25	0.0	1.0	1.0	NULL
384.25	1.0	2.0	1.0	mismatch
386.25	0.0	0.25	1.0	NULL
386.5	2.0	2.0	1.0	match
388.5	0.0	1.25	1.0	NULL
389.75	1.0	2.0	1.0	mismatch
391.75	0.0	0.25	1.0	NULL
392.0	1.0	2.0	1.0	mismatch
394.0	0.0	0.25	1.0	NULL
394.25	2.0	2.0	1.0	match
396.25	0.0	1.75	1.0	NULL
398.0	1.0	2.0	1.0	mismatch
400.0	0.0	0.25	1.0	NULL
400.25	1.0	2.0	1.0	mismatch
402.25	0.0	0.25	1.0	NULL
402.5	1.0	2.0	1.0	mismatch
404.5	0.0	0.25	1.0	NULL
404.75	1.0	2.0	1.0	mismatch
406.75	0.0	0.75	1.0	NULL
407.5	2.0	2.0	1.0	match
409.5	0.0	1.5	1.0	NULL
411.0	1.0	2.0	1.0	mismatch
413.0	0.0	0.25	1.0	NULL
413.25	1.0	2.0	1.0	mismatch
415.25	0.0	0.25	1.0	NULL
415.5	1.0	2.0	1.0	mismatch
417.5	0.0	0.0	1.0	NULL
417.5	1.0	2.0	1.0	mismatch
419.5	0.0	0.5	1.0	NULL
420.0	1.0	2.0	1.0	mismatch
422.0	0.0	0.25	1.0	NULL
422.25	1.0	2.0	1.0	mismatch
424.25	0.0	0.25	1.0	NULL
424.5	1.0	2.0	1.0	mismatch
426.5	0.0	0.25	1.0	NULL
426.75	1.0	2.0	1.0	mismatch
428.75	0.0	0.25	1.0	NULL
429.0	2.0	2.0	1.0	match
431.0	0.0	0.25	1.0	NULL
431.25	1.0	2.0	1.0	mismatch
433.25	0.0	0.25	1.0	NULL
433.5	1.0	2.0	1.0	mismatch
435.5	0.0	0.25	1.0	NULL
435.75	1.0	2.0	1.0	mismatch
437.75	0.0	0.75	1.0	NULL
438.5	1.0	2.0	1.0	mismatch
440.5	0.0	0.25	1.0	NULL
440.75	2.0	2.0	1.0	match
442.75	0.0	1.5	1.0	NULL
444.25	2.0	2.0	1.0	match
446.25	0.0	1.25	1.0	NULL
447.5	2.0	2.0	1.0	match
449.5	0.0	0.5	1.0	NULL
450.0	1.0	2.0	1.0	mismatch
452.0	0.0	0.25	1.0	NULL
452.25	1.0	2.0	1.0	mismatch
454.25	0.0	1.0	1.0	NULL
455.25	1.0	2.0	1.0	mismatch
457.25	0.0	0.25	1.0	NULL
457.5	1.0	2.0	1.0	mismatch
459.5	0.0	0.25	1.0	NULL
459.75	1.0	2.0	1.0	mismatch
461.75	0.0	0.25	1.0	NULL
462.0	2.0	2.0	1.0	match
464.0	0.0	0.25	1.0	NULL
464.25	1.0	2.0	1.0	mismatch
466.25	0.0	0.25	1.0	NULL
466.5	1.0	2.0	1.0	mismatch
478.5	0.0	1.75	1.0	NULL
480.25	1.0	2.0	1.0	mismatch
482.25	0.0	0.5	1.0	NULL
482.75	1.0	2.0	1.0	mismatch
484.75	0.0	0.25	1.0	NULL
485.0	1.0	2.0	1.0	mismatch
487.0	0.0	0.25	1.0	NULL
487.25	2.0	2.0	1.0	match
489.25	0.0	0.25	1.0	NULL
489.5	1.0	2.0	1.0	mismatch
491.5	0.0	1.25	1.0	NULL
492.75	1.0	2.0	1.0	mismatch
494.75	0.0	0.75	1.0	NULL
495.5	2.0	2.0	1.0	match
497.5	0.0	1.0	1.0	NULL
498.5	1.0	2.0	1.0	mismatch
500.5	0.0	1.75	1.0	NULL
502.25	1.0	2.0	1.0	mismatch
504.25	0.0	0.25	1.0	NULL
504.5	2.0	2.0	1.0	match
506.5	0.0	1.0	1.0	NULL
507.5	1.0	2.0	1.0	mismatch
509.5	0.0	0.25	1.0	NULL
509.75	1.0	2.0	1.0	mismatch
511.75	0.0	1.25	1.0	NULL
513.0	1.0	2.0	1.0	mismatch
515.0	0.0	0.25	1.0	NULL
515.25	1.0	2.0	1.0	mismatch
517.25	0.0	0.25	1.0	NULL
517.5	2.0	2.0	1.0	match
519.5	0.0	0.25	1.0	NULL
519.75	2.0	2.0	1.0	match
521.75	0.0	0.25	1.0	NULL
522.0	1.0	2.0	1.0	mismatch
524.0	0.0	0.25	1.0	NULL
524.25	1.0	2.0	1.0	mismatch
526.25	0.0	0.25	1.0	NULL
526.5	2.0	2.0	1.0	match
528.5	0.0	1.5	1.0	NULL
530.0	1.0	2.0	1.0	mismatch
532.0	0.0	0.0	1.0	NULL
532.0	2.0	2.0	1.0	match
534.0	0.0	0.5	1.0	NULL
534.5	1.0	2.0	1.0	mismatch
536.5	0.0	0.75	1.0	NULL
537.25	1.0	2.0	1.0	mismatch
539.25	0.0	0.25	1.0	NULL
539.5	1.0	2.0	1.0	mismatch
541.5	0.0	1.25	1.0	NULL
542.75	1.0	2.0	1.0	mismatch
544.75	0.0	0.0	1.0	NULL
544.75	1.0	2.0	1.0	mismatch
546.75	0.0	0.25	1.0	NULL
547.0	1.0	2.0	1.0	mismatch
549.0	0.0	0.25	1.0	NULL
549.25	2.0	2.0	1.0	match
551.25	0.0	0.25	1.0	NULL
551.5	2.0	2.0	1.0	match
553.5	0.0	0.75	1.0	NULL
554.25	1.0	2.0	1.0	mismatch
556.25	0.0	0.25	1.0	NULL
556.5	2.0	2.0	1.0	match
558.5	0.0	1.0	1.0	NULL
559.5	1.0	2.0	1.0	mismatch
561.5	0.0	0.25	1.0	NULL
561.75	2.0	2.0	1.0	match
563.75	0.0	0.5	1.0	NULL
564.25	1.0	2.0	1.0	mismatch
566.25	0.0	0.25	1.0	NULL
566.5	1.0	2.0	1.0	mismatch
568.5	0.0	0.25	1.0	NULL
568.75	1.0	2.0	1.0	mismatch
570.75	0.0	0.25	1.0	NULL
571.0	1.0	2.0	1.0	mismatch
573.0	0.0	0.5	1.0	NULL
573.5	1.0	2.0	1.0	mismatch
575.5	0.0	0.25	1.0	NULL
575.75	2.0	2.0	1.0	match
577.75	0.0	1.0	1.0	NULL
578.75	1.0	2.0	1.0	mismatch
580.75	0.0	0.25	1.0	NULL
581.0	1.0	2.0	1.0	mismatch
583.0	0.0	0.25	1.0	NULL
583.25	1.0	2.0	1.0	mismatch
585.25	0.0	0.25	1.0	NULL
585.5	1.0	2.0	1.0	mismatch
587.5	0.0	0.25	1.0	NULL
587.75	2.0	2.0	1.0	match
589.75	0.0	0.75	1.0	NULL
590.5	2.0	2.0	1.0	match
592.5	0.0	0.75	1.0	NULL
593.25	2.0	2.0	1.0	match
595.25	0.0	1.0	1.0	NULL
596.25	1.0	2.0	1.0	mismatch
598.25	0.0	0.25	1.0	NULL
598.5	1.0	2.0	1.0	mismatch
600.5	0.0	0.25	1.0	NULL
600.75	1.0	2.0	1.0	mismatch
602.75	0.0	0.5	1.0	NULL
603.25	2.0	2.0	1.0	match
605.25	0.0	1.0	1.0	NULL
606.25	1.0	2.0	1.0	mismatch
608.25	0.0	0.25	1.0	NULL
608.5	2.0	2.0	1.0	match
610.5	0.0	0.75	1.0	NULL
611.25	1.0	2.0	1.0	mismatch
613.25	0.0	0.25	1.0	NULL
613.5	2.0	2.0	1.0	match
615.5	0.0	0.25	1.0	NULL
615.75	2.0	2.0	1.0	match
617.75	0.0	0.25	1.0	NULL
618.0	1.0	2.0	1.0	mismatch
620.0	0.0	0.75	1.0	NULL
620.75	1.0	2.0	1.0	mismatch
622.75	0.0	0.25	1.0	NULL
623.0	1.0	2.0	1.0	mismatch
625.0	0.0	0.5	1.0	NULL
625.5	2.0	2.0	1.0	match
627.5	0.0	0.0	1.0	NULL
627.5	1.0	2.0	1.0	mismatch
