0.0
2.25
4.5
6.75
9.25
14.25
16.5
30.0
39.5
48.0
50.75
53.0
56.0
58.25
60.5
65.75
73.25
78.0
80.25
82.5
87.25
89.5
91.75
94.0
97.25
102.75
107.25
109.5
113.5
115.75
117.75
121.0
126.25
128.5
131.25
133.5
149.5
152.75
155.25
158.0
161.5
164.0
167.0
176.0
178.25
184.0
186.25
190.5
193.25
195.75
199.75
202.0
204.0
206.25
208.5
213.25
215.75
222.25
226.75
229.25
231.5
234.0
236.5
238.75
241.5
244.0
249.5
252.0
254.25
256.5
259.0
261.25
264.0
266.0
268.25
273.0
277.25
279.75
282.5
286.0
298.25
300.5
302.75
305.0
307.25
312.0
314.5
317.5
319.75
326.25
328.5
334.0
338.5
340.75
343.5
346.25
349.0
351.25
353.5
355.75
358.0
363.25
365.75
370.25
373.0
375.25
377.5
382.5
387.25
390.25
396.5
398.75
403.25
405.5
407.75
410.0
413.0
415.25
418.0
423.0
425.0
427.5
430.5
432.5
447.25
449.75
452.0
454.25
456.5
458.75
467.5
469.75
474.0
476.25
478.5
480.75
483.25
485.25
490.75
493.0
495.25
497.75
501.75
504.0
508.25
510.5
512.75
515.0
519.75
525.0
527.25
532.5
536.5
538.75
543.25
545.5
547.75
550.25
552.5
554.5
557.75
560.0
562.5
567.25
570.0
572.75
575.0
577.5
