0.0
2.25
4.5
6.5
18.5
20.75
25.25
27.5
29.75
35.25
37.5
51.5
53.75
56.0
58.25
60.5
63.0
65.5
70.25
78.5
89.0
91.25
93.5
96.0
125.25
127.5
130.0
132.5
134.75
137.0
141.75
147.25
149.5
168.0
170.5
173.25
175.5
177.75
180.0
182.5
188.75
196.0
201.25
203.5
212.5
219.75
223.75
228.25
230.25
232.5
250.5
257.5
264.25
266.5
268.75
271.25
274.0
276.75
283.75
286.25
304.25
308.75
318.0
326.5
328.75
339.0
343.75
353.25
359.75
365.0
384.5
387.25
389.5
391.75
394.0
396.75
399.0
405.75
410.25
419.75
424.25
429.0
431.25
440.25
442.5
445.25
449.75
452.5
454.75
457.0
459.25
461.75
469.0
471.0
473.25
480.25
