0.0	0.0	0.0	1.0	NULL
0.0	1.0	2.0	1.0	Go
2.0	0.0	0.25	1.0	NULL
2.25	1.0	2.0	1.0	Go
4.25	0.0	0.5	1.0	NULL
4.75	1.0	2.0	1.0	Go
6.75	0.0	0.0	1.0	NULL
6.75	1.0	2.0	1.0	Go
8.75	0.0	0.25	1.0	NULL
9.0	2.0	2.0	1.0	NoGo
11.0	0.0	1.0	1.0	NULL
12.0	2.0	2.0	1.0	NoGo
14.0	0.0	1.0	1.0	NULL
15.0	1.0	2.0	1.0	Go
17.0	0.0	0.75	1.0	NULL
17.75	1.0	2.0	1.0	Go
19.75	0.0	0.25	1.0	NULL
20.0	1.0	2.0	1.0	Go
22.0	0.0	0.25	1.0	NULL
22.25	1.0	2.0	1.0	Go
24.25	0.0	0.25	1.0	NULL
24.5	2.0	2.0	1.0	NoGo
26.5	0.0	1.25	1.0	NULL
27.75	1.0	2.0	1.0	Go
29.75	0.0	0.25	1.0	NULL
30.0	1.0	2.0	1.0	Go
32.0	0.0	0.25	1.0	NULL
32.25	1.0	2.0	1.0	Go
34.25	0.0	0.25	1.0	NULL
34.5	1.0	2.0	1.0	Go
36.5	0.0	0.25	1.0	NULL
36.75	1.0	2.0	1.0	Go
38.75	0.0	0.25	1.0	NULL
39.0	1.0	2.0	1.0	Go
41.0	0.0	0.25	1.0	NULL
41.25	1.0	2.0	1.0	Go
43.25	0.0	0.25	1.0	NULL
43.5	1.0	2.0	1.0	Go
45.5	0.0	0.25	1.0	NULL
45.75	1.0	2.0	1.0	Go
47.75	0.0	0.25	1.0	NULL
48.0	1.0	2.0	1.0	Go
50.0	0.0	0.0	1.0	NULL
50.0	1.0	2.0	1.0	Go
52.0	0.0	0.25	1.0	NULL
52.25	1.0	2.0	1.0	Go
54.25	0.0	0.75	1.0	NULL
55.0	2.0	2.0	1.0	NoGo
57.0	0.0	1.25	1.0	NULL
58.25	2.0	2.0	1.0	NoGo
60.25	0.0	1.0	1.0	NULL
61.25	2.0	2.0	1.0	NoGo
63.25	0.0	1.5	1.0	NULL
64.75	2.0	2.0	1.0	NoGo
66.75	0.0	1.5	1.0	NULL
68.25	2.0	2.0	1.0	NoGo
70.25	0.0	1.0	1.0	NULL
71.25	1.0	2.0	1.0	Go
73.25	0.0	0.25	1.0	NULL
73.5	2.0	2.0	1.0	NoGo
75.5	0.0	1.25	1.0	NULL
76.75	1.0	2.0	1.0	Go
78.75	0.0	0.25	1.0	NULL
79.0	1.0	2.0	1.0	Go
81.0	0.0	0.25	1.0	NULL
81.25	1.0	2.0	1.0	Go
83.25	0.0	0.25	1.0	NULL
83.5	1.0	2.0	1.0	Go
85.5	0.0	0.25	1.0	NULL
85.75	1.0	2.0	1.0	Go
87.75	0.0	0.25	1.0	NULL
88.0	1.0	2.0	1.0	Go
90.0	0.0	0.25	1.0	NULL
90.25	1.0	2.0	1.0	Go
92.25	0.0	0.0	1.0	NULL
92.25	1.0	2.0	1.0	Go
94.25	0.0	0.5	1.0	NULL
94.75	1.0	2.0	1.0	Go
96.75	0.0	0.25	1.0	NULL
97.0	1.0	2.0	1.0	Go
99.0	0.0	0.25	1.0	NULL
99.25	2.0	2.0	1.0	NoGo
101.25	0.0	1.0	1.0	NULL
102.25	1.0	2.0	1.0	Go
104.25	0.0	0.25	1.0	NULL
104.5	1.0	2.0	1.0	Go
106.5	0.0	0.25	1.0	NULL
106.75	1.0	2.0	1.0	Go
108.75	0.0	0.25	1.0	NULL
109.0	2.0	2.0	1.0	NoGo
111.0	0.0	0.75	1.0	NULL
111.75	1.0	2.0	1.0	Go
113.75	0.0	0.25	1.0	NULL
114.0	1.0	2.0	1.0	Go
116.0	0.0	0.25	1.0	NULL
116.25	1.0	2.0	1.0	Go
118.25	0.0	0.25	1.0	NULL
118.5	1.0	2.0	1.0	Go
120.5	0.0	0.25	1.0	NULL
120.75	1.0	2.0	1.0	Go
122.75	0.0	0.25	1.0	NULL
123.0	1.0	2.0	1.0	Go
125.0	0.0	0.25	1.0	NULL
125.25	1.0	2.0	1.0	Go
127.25	0.0	0.25	1.0	NULL
127.5	1.0	2.0	1.0	Go
129.5	0.0	0.25	1.0	NULL
129.75	1.0	2.0	1.0	Go
131.75	0.0	0.25	1.0	NULL
132.0	1.0	2.0	1.0	Go
134.0	0.0	0.0	1.0	NULL
134.0	2.0	2.0	1.0	NoGo
136.0	0.0	1.75	1.0	NULL
137.75	1.0	2.0	1.0	Go
139.75	0.0	0.75	1.0	NULL
140.5	2.0	2.0	1.0	NoGo
142.5	0.0	1.0	1.0	NULL
143.5	1.0	2.0	1.0	Go
145.5	0.0	0.25	1.0	NULL
145.75	2.0	2.0	1.0	NoGo
147.75	0.0	1.0	1.0	NULL
148.75	2.0	2.0	1.0	NoGo
150.75	0.0	1.25	1.0	NULL
152.0	1.0	2.0	1.0	Go
154.0	0.0	0.5	1.0	NULL
154.5	1.0	2.0	1.0	Go
166.5	0.0	0.25	1.0	NULL
166.75	1.0	2.0	1.0	Go
168.75	0.0	0.75	1.0	NULL
169.5	1.0	2.0	1.0	Go
171.5	0.0	0.0	1.0	NULL
171.5	1.0	2.0	1.0	Go
173.5	0.0	0.5	1.0	NULL
174.0	1.0	2.0	1.0	Go
176.0	0.0	0.5	1.0	NULL
176.5	1.0	2.0	1.0	Go
178.5	0.0	0.75	1.0	NULL
179.25	1.0	2.0	1.0	Go
181.25	0.0	0.25	1.0	NULL
181.5	1.0	2.0	1.0	Go
183.5	0.0	0.5	1.0	NULL
184.0	1.0	2.0	1.0	Go
186.0	0.0	0.5	1.0	NULL
186.5	2.0	2.0	1.0	NoGo
188.5	0.0	1.75	1.0	NULL
190.25	1.0	2.0	1.0	Go
192.25	0.0	0.5	1.0	NULL
192.75	1.0	2.0	1.0	Go
194.75	0.0	0.5	1.0	NULL
195.25	1.0	2.0	1.0	Go
197.25	0.0	0.25	1.0	NULL
197.5	1.0	2.0	1.0	Go
199.5	0.0	0.25	1.0	NULL
199.75	1.0	2.0	1.0	Go
201.75	0.0	0.25	1.0	NULL
202.0	1.0	2.0	1.0	Go
204.0	0.0	0.75	1.0	NULL
204.75	1.0	2.0	1.0	Go
206.75	0.0	0.25	1.0	NULL
207.0	1.0	2.0	1.0	Go
209.0	0.0	0.25	1.0	NULL
209.25	2.0	2.0	1.0	NoGo
211.25	0.0	0.5	1.0	NULL
211.75	1.0	2.0	1.0	Go
213.75	0.0	0.25	1.0	NULL
214.0	1.0	2.0	1.0	Go
216.0	0.0	0.5	1.0	NULL
216.5	1.0	2.0	1.0	Go
218.5	0.0	0.25	1.0	NULL
218.75	1.0	2.0	1.0	Go
220.75	0.0	0.25	1.0	NULL
221.0	1.0	2.0	1.0	Go
223.0	0.0	0.25	1.0	NULL
223.25	1.0	2.0	1.0	Go
225.25	0.0	0.25	1.0	NULL
225.5	1.0	2.0	1.0	Go
227.5	0.0	0.25	1.0	NULL
227.75	2.0	2.0	1.0	NoGo
229.75	0.0	1.5	1.0	NULL
231.25	1.0	2.0	1.0	Go
233.25	0.0	0.25	1.0	NULL
233.5	1.0	2.0	1.0	Go
235.5	0.0	0.5	1.0	NULL
236.0	1.0	2.0	1.0	Go
238.0	0.0	0.5	1.0	NULL
238.5	1.0	2.0	1.0	Go
240.5	0.0	0.25	1.0	NULL
240.75	2.0	2.0	1.0	NoGo
242.75	0.0	1.25	1.0	NULL
244.0	1.0	2.0	1.0	Go
246.0	0.0	0.5	1.0	NULL
246.5	2.0	2.0	1.0	NoGo
248.5	0.0	0.25	1.0	NULL
248.75	1.0	2.0	1.0	Go
250.75	0.0	0.25	1.0	NULL
251.0	1.0	2.0	1.0	Go
253.0	0.0	0.5	1.0	NULL
253.5	1.0	2.0	1.0	Go
255.5	0.0	0.5	1.0	NULL
256.0	1.0	2.0	1.0	Go
258.0	0.0	0.25	1.0	NULL
258.25	1.0	2.0	1.0	Go
260.25	0.0	0.5	1.0	NULL
260.75	1.0	2.0	1.0	Go
262.75	0.0	0.25	1.0	NULL
263.0	1.0	2.0	1.0	Go
265.0	0.0	0.25	1.0	NULL
265.25	1.0	2.0	1.0	Go
267.25	0.0	0.25	1.0	NULL
267.5	1.0	2.0	1.0	Go
269.5	0.0	2.5	1.0	NULL
272.0	1.0	2.0	1.0	Go
274.0	0.0	0.25	1.0	NULL
274.25	1.0	2.0	1.0	Go
276.25	0.0	0.25	1.0	NULL
276.5	1.0	2.0	1.0	Go
278.5	0.0	0.25	1.0	NULL
278.75	2.0	2.0	1.0	NoGo
280.75	0.0	1.25	1.0	NULL
282.0	1.0	2.0	1.0	Go
284.0	0.0	0.25	1.0	NULL
284.25	1.0	2.0	1.0	Go
286.25	0.0	0.25	1.0	NULL
286.5	1.0	2.0	1.0	Go
288.5	0.0	0.25	1.0	NULL
288.75	1.0	2.0	1.0	Go
290.75	0.0	0.25	1.0	NULL
291.0	1.0	2.0	1.0	Go
293.0	0.0	1.5	1.0	NULL
294.5	1.0	2.0	1.0	Go
296.5	0.0	0.25	1.0	NULL
296.75	1.0	2.0	1.0	Go
298.75	0.0	0.25	1.0	NULL
299.0	1.0	2.0	1.0	Go
301.0	0.0	0.25	1.0	NULL
301.25	1.0	2.0	1.0	Go
303.25	0.0	1.0	1.0	NULL
304.25	2.0	2.0	1.0	NoGo
306.25	0.0	0.25	1.0	NULL
306.5	1.0	2.0	1.0	Go
308.5	0.0	0.5	1.0	NULL
309.0	2.0	2.0	1.0	NoGo
311.0	0.0	0.25	1.0	NULL
311.25	1.0	2.0	1.0	Go
313.25	0.0	0.75	1.0	NULL
314.0	1.0	2.0	1.0	Go
316.0	0.0	0.25	1.0	NULL
316.25	1.0	2.0	1.0	Go
318.25	0.0	0.5	1.0	NULL
318.75	1.0	2.0	1.0	Go
320.75	0.0	1.0	1.0	NULL
321.75	1.0	2.0	1.0	Go
333.75	0.0	0.25	1.0	NULL
334.0	1.0	2.0	1.0	Go
336.0	0.0	0.25	1.0	NULL
336.25	1.0	2.0	1.0	Go
338.25	0.0	0.5	1.0	NULL
338.75	2.0	2.0	1.0	NoGo
340.75	0.0	0.5	1.0	NULL
341.25	2.0	2.0	1.0	NoGo
343.25	0.0	1.0	1.0	NULL
344.25	2.0	2.0	1.0	NoGo
346.25	0.0	1.25	1.0	NULL
347.5	1.0	2.0	1.0	Go
349.5	0.0	1.0	1.0	NULL
350.5	1.0	2.0	1.0	Go
352.5	0.0	0.25	1.0	NULL
352.75	1.0	2.0	1.0	Go
354.75	0.0	1.25	1.0	NULL
356.0	1.0	2.0	1.0	Go
358.0	0.0	0.75	1.0	NULL
358.75	1.0	2.0	1.0	Go
360.75	0.0	0.5	1.0	NULL
361.25	1.0	2.0	1.0	Go
363.25	0.0	0.5	1.0	NULL
363.75	1.0	2.0	1.0	Go
365.75	0.0	0.25	1.0	NULL
366.0	1.0	2.0	1.0	Go
368.0	0.0	0.0	1.0	NULL
368.0	1.0	2.0	1.0	Go
370.0	0.0	0.0	1.0	NULL
370.0	1.0	2.0	1.0	Go
372.0	0.0	0.25	1.0	NULL
372.25	2.0	2.0	1.0	NoGo
374.25	0.0	0.25	1.0	NULL
374.5	1.0	2.0	1.0	Go
376.5	0.0	0.0	1.0	NULL
376.5	1.0	2.0	1.0	Go
378.5	0.0	0.25	1.0	NULL
378.75	1.0	2.0	1.0	Go
380.75	0.0	0.5	1.0	NULL
381.25	2.0	2.0	1.0	NoGo
383.25	0.0	1.0	1.0	NULL
384.25	1.0	2.0	1.0	Go
386.25	0.0	0.5	1.0	NULL
386.75	1.0	2.0	1.0	Go
388.75	0.0	0.25	1.0	NULL
389.0	1.0	2.0	1.0	Go
391.0	0.0	0.5	1.0	NULL
391.5	1.0	2.0	1.0	Go
393.5	0.0	1.0	1.0	NULL
394.5	1.0	2.0	1.0	Go
396.5	0.0	0.25	1.0	NULL
396.75	1.0	2.0	1.0	Go
398.75	0.0	0.0	1.0	NULL
398.75	1.0	2.0	1.0	Go
400.75	0.0	0.25	1.0	NULL
401.0	1.0	2.0	1.0	Go
403.0	0.0	0.25	1.0	NULL
403.25	1.0	2.0	1.0	Go
405.25	0.0	1.0	1.0	NULL
406.25	1.0	2.0	1.0	Go
408.25	0.0	0.5	1.0	NULL
408.75	1.0	2.0	1.0	Go
410.75	0.0	0.25	1.0	NULL
411.0	1.0	2.0	1.0	Go
413.0	0.0	1.0	1.0	NULL
414.0	2.0	2.0	1.0	NoGo
416.0	0.0	0.5	1.0	NULL
416.5	1.0	2.0	1.0	Go
418.5	0.0	0.25	1.0	NULL
418.75	1.0	2.0	1.0	Go
420.75	0.0	0.5	1.0	NULL
421.25	1.0	2.0	1.0	Go
423.25	0.0	0.75	1.0	NULL
424.0	1.0	2.0	1.0	Go
426.0	0.0	0.25	1.0	NULL
426.25	1.0	2.0	1.0	Go
428.25	0.0	1.0	1.0	NULL
429.25	1.0	2.0	1.0	Go
431.25	0.0	0.25	1.0	NULL
431.5	1.0	2.0	1.0	Go
433.5	0.0	0.25	1.0	NULL
433.75	1.0	2.0	1.0	Go
435.75	0.0	0.25	1.0	NULL
436.0	1.0	2.0	1.0	Go
438.0	0.0	0.75	1.0	NULL
438.75	1.0	2.0	1.0	Go
440.75	0.0	0.25	1.0	NULL
441.0	1.0	2.0	1.0	Go
443.0	0.0	0.25	1.0	NULL
443.25	2.0	2.0	1.0	NoGo
445.25	0.0	0.5	1.0	NULL
445.75	2.0	2.0	1.0	NoGo
447.75	0.0	1.0	1.0	NULL
448.75	1.0	2.0	1.0	Go
450.75	0.0	0.5	1.0	NULL
451.25	1.0	2.0	1.0	Go
453.25	0.0	0.25	1.0	NULL
453.5	1.0	2.0	1.0	Go
455.5	0.0	0.25	1.0	NULL
455.75	1.0	2.0	1.0	Go
457.75	0.0	0.25	1.0	NULL
458.0	1.0	2.0	1.0	Go
460.0	0.0	0.25	1.0	NULL
460.25	1.0	2.0	1.0	Go
462.25	0.0	0.25	1.0	NULL
462.5	1.0	2.0	1.0	Go
464.5	0.0	1.5	1.0	NULL
466.0	1.0	2.0	1.0	Go
468.0	0.0	0.5	1.0	NULL
468.5	1.0	2.0	1.0	Go
470.5	0.0	1.25	1.0	NULL
471.75	1.0	2.0	1.0	Go
473.75	0.0	0.25	1.0	NULL
474.0	2.0	2.0	1.0	NoGo
476.0	0.0	0.0	1.0	NULL
476.0	1.0	2.0	1.0	Go
478.0	0.0	0.25	1.0	NULL
478.25	1.0	2.0	1.0	Go
480.25	0.0	0.25	1.0	NULL
480.5	1.0	2.0	1.0	Go
482.5	0.0	1.25	1.0	NULL
483.75	1.0	2.0	1.0	Go
485.75	0.0	0.25	1.0	NULL
486.0	1.0	2.0	1.0	Go
488.0	0.0	1.0	1.0	NULL
489.0	1.0	2.0	1.0	Go
501.0	0.0	1.25	1.0	NULL
502.25	1.0	2.0	1.0	Go
504.25	0.0	0.25	1.0	NULL
504.5	1.0	2.0	1.0	Go
506.5	0.0	0.25	1.0	NULL
506.75	1.0	2.0	1.0	Go
508.75	0.0	0.25	1.0	NULL
509.0	1.0	2.0	1.0	Go
511.0	0.0	1.25	1.0	NULL
512.25	2.0	2.0	1.0	NoGo
514.25	0.0	0.5	1.0	NULL
514.75	1.0	2.0	1.0	Go
516.75	0.0	0.25	1.0	NULL
517.0	1.0	2.0	1.0	Go
519.0	0.0	0.75	1.0	NULL
519.75	1.0	2.0	1.0	Go
521.75	0.0	1.25	1.0	NULL
523.0	1.0	2.0	1.0	Go
525.0	0.0	0.25	1.0	NULL
525.25	1.0	2.0	1.0	Go
527.25	0.0	0.25	1.0	NULL
527.5	1.0	2.0	1.0	Go
529.5	0.0	0.5	1.0	NULL
530.0	1.0	2.0	1.0	Go
532.0	0.0	0.25	1.0	NULL
532.25	2.0	2.0	1.0	NoGo
534.25	0.0	0.25	1.0	NULL
534.5	1.0	2.0	1.0	Go
536.5	0.0	0.75	1.0	NULL
537.25	1.0	2.0	1.0	Go
539.25	0.0	0.5	1.0	NULL
539.75	1.0	2.0	1.0	Go
541.75	0.0	0.25	1.0	NULL
542.0	1.0	2.0	1.0	Go
544.0	0.0	0.25	1.0	NULL
544.25	1.0	2.0	1.0	Go
546.25	0.0	0.5	1.0	NULL
546.75	1.0	2.0	1.0	Go
548.75	0.0	0.5	1.0	NULL
549.25	1.0	2.0	1.0	Go
551.25	0.0	1.0	1.0	NULL
552.25	1.0	2.0	1.0	Go
554.25	0.0	0.25	1.0	NULL
554.5	1.0	2.0	1.0	Go
556.5	0.0	0.25	1.0	NULL
556.75	1.0	2.0	1.0	Go
558.75	0.0	2.25	1.0	NULL
561.0	2.0	2.0	1.0	NoGo
563.0	0.0	0.25	1.0	NULL
563.25	1.0	2.0	1.0	Go
565.25	0.0	0.25	1.0	NULL
565.5	1.0	2.0	1.0	Go
567.5	0.0	1.0	1.0	NULL
568.5	2.0	2.0	1.0	NoGo
570.5	0.0	0.25	1.0	NULL
570.75	2.0	2.0	1.0	NoGo
572.75	0.0	0.5	1.0	NULL
573.25	1.0	2.0	1.0	Go
575.25	0.0	0.25	1.0	NULL
575.5	1.0	2.0	1.0	Go
577.5	0.0	0.25	1.0	NULL
577.75	1.0	2.0	1.0	Go
579.75	0.0	0.5	1.0	NULL
580.25	1.0	2.0	1.0	Go
582.25	0.0	0.25	1.0	NULL
582.5	1.0	2.0	1.0	Go
584.5	0.0	0.75	1.0	NULL
585.25	1.0	2.0	1.0	Go
587.25	0.0	0.25	1.0	NULL
587.5	2.0	2.0	1.0	NoGo
589.5	0.0	0.75	1.0	NULL
590.25	1.0	2.0	1.0	Go
592.25	0.0	0.25	1.0	NULL
592.5	1.0	2.0	1.0	Go
594.5	0.0	0.25	1.0	NULL
594.75	1.0	2.0	1.0	Go
596.75	0.0	0.0	1.0	NULL
596.75	1.0	2.0	1.0	Go
598.75	0.0	1.0	1.0	NULL
599.75	1.0	2.0	1.0	Go
601.75	0.0	0.25	1.0	NULL
602.0	1.0	2.0	1.0	Go
604.0	0.0	0.75	1.0	NULL
604.75	2.0	2.0	1.0	NoGo
606.75	0.0	0.25	1.0	NULL
607.0	2.0	2.0	1.0	NoGo
609.0	0.0	0.25	1.0	NULL
609.25	2.0	2.0	1.0	NoGo
611.25	0.0	0.25	1.0	NULL
611.5	1.0	2.0	1.0	Go
613.5	0.0	1.0	1.0	NULL
614.5	1.0	2.0	1.0	Go
616.5	0.0	0.25	1.0	NULL
616.75	1.0	2.0	1.0	Go
618.75	0.0	0.5	1.0	NULL
619.25	1.0	2.0	1.0	Go
621.25	0.0	0.25	1.0	NULL
621.5	1.0	2.0	1.0	Go
623.5	0.0	0.25	1.0	NULL
623.75	1.0	2.0	1.0	Go
625.75	0.0	0.25	1.0	NULL
626.0	1.0	2.0	1.0	Go
628.0	0.0	2.0	1.0	NULL
630.0	1.0	2.0	1.0	Go
632.0	0.0	0.75	1.0	NULL
632.75	2.0	2.0	1.0	NoGo
634.75	0.0	0.25	1.0	NULL
635.0	1.0	2.0	1.0	Go
637.0	0.0	0.25	1.0	NULL
637.25	1.0	2.0	1.0	Go
639.25	0.0	0.25	1.0	NULL
639.5	1.0	2.0	1.0	Go
641.5	0.0	0.25	1.0	NULL
641.75	1.0	2.0	1.0	Go
643.75	0.0	1.0	1.0	NULL
644.75	1.0	2.0	1.0	Go
646.75	0.0	1.0	1.0	NULL
647.75	1.0	2.0	1.0	Go
649.75	0.0	0.25	1.0	NULL
650.0	1.0	2.0	1.0	Go
652.0	0.0	0.25	1.0	NULL
652.25	2.0	2.0	1.0	NoGo
654.25	0.0	0.25	1.0	NULL
654.5	1.0	2.0	1.0	Go
656.5	0.0	1.0	1.0	NULL
657.5	1.0	2.0	1.0	Go
