0.0	0.0	0.0	1.0	NULL
0.0	1.0	2.0	1.0	go
2.0	0.0	0.25	1.0	NULL
2.25	1.0	2.0	1.0	go
4.25	0.0	0.5	1.0	NULL
4.75	2.0	2.0	1.0	stop
6.75	0.0	0.25	1.0	NULL
7.0	2.0	2.0	1.0	stop
9.0	0.0	0.25	1.0	NULL
9.25	2.0	2.0	1.0	stop
11.25	0.0	0.25	1.0	NULL
11.5	2.0	2.0	1.0	stop
13.5	0.0	0.25	1.0	NULL
13.75	2.0	2.0	1.0	stop
15.75	0.0	1.0	1.0	NULL
16.75	1.0	2.0	1.0	go
18.75	0.0	0.25	1.0	NULL
19.0	1.0	2.0	1.0	go
21.0	0.0	0.0	1.0	NULL
21.0	1.0	2.0	1.0	go
23.0	0.0	0.25	1.0	NULL
23.25	1.0	2.0	1.0	go
25.25	0.0	0.25	1.0	NULL
25.5	1.0	2.0	1.0	go
27.5	0.0	0.25	1.0	NULL
27.75	2.0	2.0	1.0	stop
29.75	0.0	0.25	1.0	NULL
30.0	2.0	2.0	1.0	stop
32.0	0.0	0.5	1.0	NULL
32.5	1.0	2.0	1.0	go
34.5	0.0	0.5	1.0	NULL
35.0	2.0	2.0	1.0	stop
37.0	0.0	0.5	1.0	NULL
37.5	1.0	2.0	1.0	go
39.5	0.0	0.25	1.0	NULL
39.75	1.0	2.0	1.0	go
41.75	0.0	0.25	1.0	NULL
42.0	1.0	2.0	1.0	go
44.0	0.0	0.5	1.0	NULL
44.5	2.0	2.0	1.0	stop
46.5	0.0	0.75	1.0	NULL
47.25	1.0	2.0	1.0	go
49.25	0.0	0.25	1.0	NULL
49.5	1.0	2.0	1.0	go
51.5	0.0	0.0	1.0	NULL
51.5	1.0	2.0	1.0	go
53.5	0.0	1.0	1.0	NULL
54.5	1.0	2.0	1.0	go
56.5	0.0	0.5	1.0	NULL
57.0	1.0	2.0	1.0	go
59.0	0.0	0.5	1.0	NULL
59.5	1.0	2.0	1.0	go
61.5	0.0	0.25	1.0	NULL
61.75	1.0	2.0	1.0	go
63.75	0.0	0.75	1.0	NULL
64.5	2.0	2.0	1.0	stop
66.5	0.0	0.25	1.0	NULL
66.75	1.0	2.0	1.0	go
68.75	0.0	1.25	1.0	NULL
70.0	2.0	2.0	1.0	stop
72.0	0.0	0.5	1.0	NULL
72.5	2.0	2.0	1.0	stop
74.5	0.0	1.25	1.0	NULL
75.75	1.0	2.0	1.0	go
77.75	0.0	0.5	1.0	NULL
78.25	1.0	2.0	1.0	go
80.25	0.0	0.75	1.0	NULL
81.0	1.0	2.0	1.0	go
83.0	0.0	0.25	1.0	NULL
83.25	1.0	2.0	1.0	go
85.25	0.0	0.25	1.0	NULL
85.5	1.0	2.0	1.0	go
87.5	0.0	0.5	1.0	NULL
88.0	2.0	2.0	1.0	stop
90.0	0.0	0.25	1.0	NULL
90.25	2.0	2.0	1.0	stop
92.25	0.0	0.25	1.0	NULL
92.5	2.0	2.0	1.0	stop
94.5	0.0	0.5	1.0	NULL
95.0	1.0	2.0	1.0	go
97.0	0.0	0.25	1.0	NULL
97.25	1.0	2.0	1.0	go
99.25	0.0	1.25	1.0	NULL
100.5	1.0	2.0	1.0	go
102.5	0.0	1.0	1.0	NULL
103.5	1.0	2.0	1.0	go
105.5	0.0	0.25	1.0	NULL
105.75	1.0	2.0	1.0	go
107.75	0.0	0.25	1.0	NULL
108.0	1.0	2.0	1.0	go
110.0	0.0	0.25	1.0	NULL
110.25	1.0	2.0	1.0	go
112.25	0.0	0.75	1.0	NULL
113.0	2.0	2.0	1.0	stop
115.0	0.0	0.5	1.0	NULL
115.5	2.0	2.0	1.0	stop
117.5	0.0	0.5	1.0	NULL
118.0	2.0	2.0	1.0	stop
120.0	0.0	0.25	1.0	NULL
120.25	2.0	2.0	1.0	stop
122.25	0.0	0.25	1.0	NULL
122.5	1.0	2.0	1.0	go
124.5	0.0	0.25	1.0	NULL
124.75	1.0	2.0	1.0	go
126.75	0.0	0.5	1.0	NULL
127.25	1.0	2.0	1.0	go
129.25	0.0	0.25	1.0	NULL
129.5	1.0	2.0	1.0	go
131.5	0.0	0.75	1.0	NULL
132.25	2.0	2.0	1.0	stop
134.25	0.0	0.25	1.0	NULL
134.5	1.0	2.0	1.0	go
136.5	0.0	0.75	1.0	NULL
137.25	1.0	2.0	1.0	go
139.25	0.0	0.5	1.0	NULL
139.75	1.0	2.0	1.0	go
141.75	0.0	0.75	1.0	NULL
142.5	1.0	2.0	1.0	go
144.5	0.0	0.25	1.0	NULL
144.75	2.0	2.0	1.0	stop
146.75	0.0	0.25	1.0	NULL
147.0	1.0	2.0	1.0	go
149.0	0.0	0.75	1.0	NULL
149.75	2.0	2.0	1.0	stop
151.75	0.0	0.25	1.0	NULL
152.0	2.0	2.0	1.0	stop
154.0	0.0	0.5	1.0	NULL
154.5	1.0	2.0	1.0	go
156.5	0.0	0.5	1.0	NULL
157.0	2.0	2.0	1.0	stop
159.0	0.0	0.25	1.0	NULL
159.25	2.0	2.0	1.0	stop
161.25	0.0	0.25	1.0	NULL
161.5	1.0	2.0	1.0	go
163.5	0.0	0.5	1.0	NULL
164.0	1.0	2.0	1.0	go
166.0	0.0	0.25	1.0	NULL
166.25	1.0	2.0	1.0	go
168.25	0.0	0.25	1.0	NULL
168.5	1.0	2.0	1.0	go
170.5	0.0	0.25	1.0	NULL
170.75	1.0	2.0	1.0	go
172.75	0.0	0.5	1.0	NULL
173.25	2.0	2.0	1.0	stop
185.25	0.0	0.25	1.0	NULL
185.5	1.0	2.0	1.0	go
187.5	0.0	0.25	1.0	NULL
187.75	1.0	2.0	1.0	go
189.75	0.0	0.5	1.0	NULL
190.25	1.0	2.0	1.0	go
192.25	0.0	0.0	1.0	NULL
192.25	1.0	2.0	1.0	go
194.25	0.0	0.25	1.0	NULL
194.5	1.0	2.0	1.0	go
196.5	0.0	0.25	1.0	NULL
196.75	1.0	2.0	1.0	go
198.75	0.0	1.5	1.0	NULL
200.25	2.0	2.0	1.0	stop
202.25	0.0	0.25	1.0	NULL
202.5	1.0	2.0	1.0	go
204.5	0.0	0.5	1.0	NULL
205.0	1.0	2.0	1.0	go
207.0	0.0	0.5	1.0	NULL
207.5	1.0	2.0	1.0	go
209.5	0.0	0.0	1.0	NULL
209.5	1.0	2.0	1.0	go
211.5	0.0	0.5	1.0	NULL
212.0	1.0	2.0	1.0	go
214.0	0.0	0.25	1.0	NULL
214.25	1.0	2.0	1.0	go
216.25	0.0	0.5	1.0	NULL
216.75	2.0	2.0	1.0	stop
218.75	0.0	0.0	1.0	NULL
218.75	1.0	2.0	1.0	go
220.75	0.0	0.5	1.0	NULL
221.25	1.0	2.0	1.0	go
223.25	0.0	0.5	1.0	NULL
223.75	2.0	2.0	1.0	stop
225.75	0.0	0.0	1.0	NULL
225.75	2.0	2.0	1.0	stop
227.75	0.0	0.5	1.0	NULL
228.25	1.0	2.0	1.0	go
230.25	0.0	0.25	1.0	NULL
230.5	1.0	2.0	1.0	go
232.5	0.0	0.25	1.0	NULL
232.75	1.0	2.0	1.0	go
234.75	0.0	0.25	1.0	NULL
235.0	1.0	2.0	1.0	go
237.0	0.0	0.25	1.0	NULL
237.25	1.0	2.0	1.0	go
239.25	0.0	0.25	1.0	NULL
239.5	1.0	2.0	1.0	go
241.5	0.0	0.25	1.0	NULL
241.75	1.0	2.0	1.0	go
243.75	0.0	0.25	1.0	NULL
244.0	2.0	2.0	1.0	stop
246.0	0.0	0.25	1.0	NULL
246.25	1.0	2.0	1.0	go
248.25	0.0	0.0	1.0	NULL
248.25	1.0	2.0	1.0	go
250.25	0.0	0.25	1.0	NULL
250.5	1.0	2.0	1.0	go
252.5	0.0	2.0	1.0	NULL
254.5	1.0	2.0	1.0	go
256.5	0.0	0.25	1.0	NULL
256.75	1.0	2.0	1.0	go
258.75	0.0	0.25	1.0	NULL
259.0	1.0	2.0	1.0	go
261.0	0.0	0.0	1.0	NULL
261.0	2.0	2.0	1.0	stop
263.0	0.0	0.5	1.0	NULL
263.5	1.0	2.0	1.0	go
265.5	0.0	0.25	1.0	NULL
265.75	1.0	2.0	1.0	go
267.75	0.0	0.25	1.0	NULL
268.0	1.0	2.0	1.0	go
270.0	0.0	0.0	1.0	NULL
270.0	1.0	2.0	1.0	go
272.0	0.0	0.25	1.0	NULL
272.25	1.0	2.0	1.0	go
274.25	0.0	0.25	1.0	NULL
274.5	2.0	2.0	1.0	stop
276.5	0.0	0.25	1.0	NULL
276.75	1.0	2.0	1.0	go
278.75	0.0	0.25	1.0	NULL
279.0	2.0	2.0	1.0	stop
281.0	0.0	0.25	1.0	NULL
281.25	2.0	2.0	1.0	stop
283.25	0.0	0.5	1.0	NULL
283.75	1.0	2.0	1.0	go
285.75	0.0	0.75	1.0	NULL
286.5	1.0	2.0	1.0	go
288.5	0.0	0.25	1.0	NULL
288.75	1.0	2.0	1.0	go
290.75	0.0	0.5	1.0	NULL
291.25	1.0	2.0	1.0	go
293.25	0.0	0.5	1.0	NULL
293.75	1.0	2.0	1.0	go
295.75	0.0	0.5	1.0	NULL
296.25	2.0	2.0	1.0	stop
298.25	0.0	0.25	1.0	NULL
298.5	2.0	2.0	1.0	stop
300.5	0.0	0.25	1.0	NULL
300.75	2.0	2.0	1.0	stop
302.75	0.0	0.25	1.0	NULL
303.0	2.0	2.0	1.0	stop
305.0	0.0	0.25	1.0	NULL
305.25	2.0	2.0	1.0	stop
307.25	0.0	0.25	1.0	NULL
307.5	2.0	2.0	1.0	stop
309.5	0.0	0.25	1.0	NULL
309.75	1.0	2.0	1.0	go
311.75	0.0	0.25	1.0	NULL
312.0	1.0	2.0	1.0	go
314.0	0.0	0.5	1.0	NULL
314.5	1.0	2.0	1.0	go
316.5	0.0	0.25	1.0	NULL
316.75	1.0	2.0	1.0	go
318.75	0.0	0.25	1.0	NULL
319.0	1.0	2.0	1.0	go
321.0	0.0	0.0	1.0	NULL
321.0	1.0	2.0	1.0	go
323.0	0.0	0.75	1.0	NULL
323.75	2.0	2.0	1.0	stop
325.75	0.0	1.25	1.0	NULL
327.0	1.0	2.0	1.0	go
329.0	0.0	0.75	1.0	NULL
329.75	1.0	2.0	1.0	go
331.75	0.0	0.5	1.0	NULL
332.25	1.0	2.0	1.0	go
334.25	0.0	0.25	1.0	NULL
334.5	1.0	2.0	1.0	go
336.5	0.0	0.25	1.0	NULL
336.75	1.0	2.0	1.0	go
338.75	0.0	0.5	1.0	NULL
339.25	1.0	2.0	1.0	go
341.25	0.0	0.25	1.0	NULL
341.5	2.0	2.0	1.0	stop
343.5	0.0	0.25	1.0	NULL
343.75	2.0	2.0	1.0	stop
345.75	0.0	0.0	1.0	NULL
345.75	2.0	2.0	1.0	stop
347.75	0.0	0.25	1.0	NULL
348.0	1.0	2.0	1.0	go
350.0	0.0	0.25	1.0	NULL
350.25	1.0	2.0	1.0	go
352.25	0.0	0.25	1.0	NULL
352.5	1.0	2.0	1.0	go
364.5	0.0	0.25	1.0	NULL
364.75	1.0	2.0	1.0	go
366.75	0.0	0.25	1.0	NULL
367.0	2.0	2.0	1.0	stop
369.0	0.0	0.25	1.0	NULL
369.25	1.0	2.0	1.0	go
371.25	0.0	0.25	1.0	NULL
371.5	1.0	2.0	1.0	go
373.5	0.0	0.25	1.0	NULL
373.75	2.0	2.0	1.0	stop
375.75	0.0	0.5	1.0	NULL
376.25	2.0	2.0	1.0	stop
378.25	0.0	0.25	1.0	NULL
378.5	1.0	2.0	1.0	go
380.5	0.0	0.25	1.0	NULL
380.75	1.0	2.0	1.0	go
382.75	0.0	0.25	1.0	NULL
383.0	2.0	2.0	1.0	stop
385.0	0.0	1.0	1.0	NULL
386.0	1.0	2.0	1.0	go
388.0	0.0	0.25	1.0	NULL
388.25	1.0	2.0	1.0	go
390.25	0.0	0.5	1.0	NULL
390.75	2.0	2.0	1.0	stop
392.75	0.0	0.25	1.0	NULL
393.0	1.0	2.0	1.0	go
395.0	0.0	0.5	1.0	NULL
395.5	2.0	2.0	1.0	stop
397.5	0.0	0.0	1.0	NULL
397.5	1.0	2.0	1.0	go
399.5	0.0	0.25	1.0	NULL
399.75	2.0	2.0	1.0	stop
401.75	0.0	0.25	1.0	NULL
402.0	1.0	2.0	1.0	go
404.0	0.0	0.25	1.0	NULL
404.25	2.0	2.0	1.0	stop
406.25	0.0	0.25	1.0	NULL
406.5	2.0	2.0	1.0	stop
408.5	0.0	0.25	1.0	NULL
408.75	1.0	2.0	1.0	go
410.75	0.0	0.25	1.0	NULL
411.0	1.0	2.0	1.0	go
413.0	0.0	0.25	1.0	NULL
413.25	1.0	2.0	1.0	go
415.25	0.0	0.75	1.0	NULL
416.0	1.0	2.0	1.0	go
418.0	0.0	0.25	1.0	NULL
418.25	2.0	2.0	1.0	stop
420.25	0.0	0.25	1.0	NULL
420.5	1.0	2.0	1.0	go
422.5	0.0	0.25	1.0	NULL
422.75	2.0	2.0	1.0	stop
424.75	0.0	0.25	1.0	NULL
425.0	2.0	2.0	1.0	stop
427.0	0.0	0.0	1.0	NULL
427.0	1.0	2.0	1.0	go
429.0	0.0	0.25	1.0	NULL
429.25	2.0	2.0	1.0	stop
431.25	0.0	0.25	1.0	NULL
431.5	2.0	2.0	1.0	stop
433.5	0.0	1.0	1.0	NULL
434.5	1.0	2.0	1.0	go
436.5	0.0	1.25	1.0	NULL
437.75	1.0	2.0	1.0	go
439.75	0.0	0.25	1.0	NULL
440.0	1.0	2.0	1.0	go
442.0	0.0	0.25	1.0	NULL
442.25	1.0	2.0	1.0	go
444.25	0.0	0.25	1.0	NULL
444.5	2.0	2.0	1.0	stop
446.5	0.0	0.5	1.0	NULL
447.0	1.0	2.0	1.0	go
449.0	0.0	1.0	1.0	NULL
450.0	1.0	2.0	1.0	go
452.0	0.0	0.75	1.0	NULL
452.75	2.0	2.0	1.0	stop
454.75	0.0	0.5	1.0	NULL
455.25	1.0	2.0	1.0	go
457.25	0.0	0.25	1.0	NULL
457.5	1.0	2.0	1.0	go
459.5	0.0	0.75	1.0	NULL
460.25	1.0	2.0	1.0	go
462.25	0.0	0.25	1.0	NULL
462.5	2.0	2.0	1.0	stop
464.5	0.0	0.25	1.0	NULL
464.75	2.0	2.0	1.0	stop
466.75	0.0	0.75	1.0	NULL
467.5	1.0	2.0	1.0	go
469.5	0.0	0.25	1.0	NULL
469.75	1.0	2.0	1.0	go
471.75	0.0	0.25	1.0	NULL
472.0	1.0	2.0	1.0	go
474.0	0.0	2.25	1.0	NULL
476.25	1.0	2.0	1.0	go
478.25	0.0	0.25	1.0	NULL
478.5	1.0	2.0	1.0	go
480.5	0.0	1.0	1.0	NULL
481.5	1.0	2.0	1.0	go
483.5	0.0	0.0	1.0	NULL
483.5	2.0	2.0	1.0	stop
485.5	0.0	0.25	1.0	NULL
485.75	1.0	2.0	1.0	go
487.75	0.0	0.25	1.0	NULL
488.0	1.0	2.0	1.0	go
490.0	0.0	0.25	1.0	NULL
490.25	1.0	2.0	1.0	go
492.25	0.0	0.25	1.0	NULL
492.5	1.0	2.0	1.0	go
494.5	0.0	0.25	1.0	NULL
494.75	2.0	2.0	1.0	stop
496.75	0.0	0.25	1.0	NULL
497.0	1.0	2.0	1.0	go
499.0	0.0	0.5	1.0	NULL
499.5	1.0	2.0	1.0	go
501.5	0.0	1.0	1.0	NULL
502.5	2.0	2.0	1.0	stop
504.5	0.0	0.25	1.0	NULL
504.75	2.0	2.0	1.0	stop
506.75	0.0	0.75	1.0	NULL
507.5	2.0	2.0	1.0	stop
509.5	0.0	0.25	1.0	NULL
509.75	1.0	2.0	1.0	go
511.75	0.0	0.25	1.0	NULL
512.0	1.0	2.0	1.0	go
514.0	0.0	0.5	1.0	NULL
514.5	1.0	2.0	1.0	go
516.5	0.0	0.0	1.0	NULL
516.5	1.0	2.0	1.0	go
518.5	0.0	1.25	1.0	NULL
519.75	1.0	2.0	1.0	go
521.75	0.0	0.5	1.0	NULL
522.25	2.0	2.0	1.0	stop
524.25	0.0	0.25	1.0	NULL
524.5	1.0	2.0	1.0	go
526.5	0.0	0.25	1.0	NULL
526.75	2.0	2.0	1.0	stop
528.75	0.0	0.25	1.0	NULL
529.0	2.0	2.0	1.0	stop
531.0	0.0	1.0	1.0	NULL
532.0	1.0	2.0	1.0	go
534.0	0.0	0.0	1.0	NULL
534.0	1.0	2.0	1.0	go
536.0	0.0	0.25	1.0	NULL
536.25	1.0	2.0	1.0	go
