0.0
5.25
12.25
24.25
39.25
57.75
65.0
70.75
89.5
98.25
101.75
104.25
107.0
110.0
117.5
121.25
124.5
134.75
140.0
155.0
184.0
189.25
192.0
194.5
218.0
225.5
230.75
247.0
249.5
260.25
265.5
268.25
277.75
282.75
290.5
293.5
298.5
306.25
315.5
318.25
325.25
330.5
359.5
373.5
376.0
381.75
386.75
394.25
408.75
413.5
418.25
421.25
424.0
436.0
443.0
449.75
461.75
471.25
476.5
488.25
491.25
496.0
501.25
510.25
513.0
528.25
543.75
553.75
556.75
568.25
578.5
581.25
592.5
595.25
602.5
614.5
619.25
624.25
626.75
632.25
635.0
640.0
645.0
650.25
657.5
660.0
662.75
666.75
