0.0
2.25
16.75
19.0
21.0
23.25
25.5
32.5
37.5
39.75
42.0
47.25
49.5
51.5
54.5
57.0
59.5
61.75
66.75
75.75
78.25
81.0
83.25
85.5
95.0
97.25
100.5
103.5
105.75
108.0
110.25
122.5
124.75
127.25
129.5
134.5
137.25
139.75
142.5
147.0
154.5
161.5
164.0
166.25
168.5
170.75
185.5
187.75
190.25
192.25
194.5
196.75
202.5
205.0
207.5
209.5
212.0
214.25
218.75
221.25
228.25
230.5
232.75
235.0
237.25
239.5
241.75
246.25
248.25
250.5
254.5
256.75
259.0
263.5
265.75
268.0
270.0
272.25
276.75
283.75
286.5
288.75
291.25
293.75
309.75
312.0
314.5
316.75
319.0
321.0
327.0
329.75
332.25
334.5
336.75
339.25
348.0
350.25
352.5
364.75
369.25
371.5
378.5
380.75
386.0
388.25
393.0
397.5
402.0
408.75
411.0
413.25
416.0
420.5
427.0
434.5
437.75
440.0
442.25
447.0
450.0
455.25
457.5
460.25
467.5
469.75
472.0
476.25
478.5
481.5
485.75
488.0
490.25
492.5
497.0
499.5
509.75
512.0
514.5
516.5
519.75
524.5
532.0
534.0
536.25
