0.0	0.0	0.0	1.0	NULL
0.0	1.0	2.0	1.0	go
2.0	0.0	0.25	1.0	NULL
2.25	2.0	2.0	1.0	stop
4.25	0.0	0.5	1.0	NULL
4.75	2.0	2.0	1.0	stop
6.75	0.0	1.5	1.0	NULL
8.25	2.0	2.0	1.0	stop
10.25	0.0	0.75	1.0	NULL
11.0	2.0	2.0	1.0	stop
13.0	0.0	0.75	1.0	NULL
13.75	1.0	2.0	1.0	go
15.75	0.0	0.25	1.0	NULL
16.0	2.0	2.0	1.0	stop
18.0	0.0	1.0	1.0	NULL
19.0	2.0	2.0	1.0	stop
21.0	0.0	0.75	1.0	NULL
21.75	1.0	2.0	1.0	go
23.75	0.0	0.5	1.0	NULL
24.25	1.0	2.0	1.0	go
26.25	0.0	0.25	1.0	NULL
26.5	1.0	2.0	1.0	go
28.5	0.0	0.25	1.0	NULL
28.75	1.0	2.0	1.0	go
30.75	0.0	0.25	1.0	NULL
31.0	2.0	2.0	1.0	stop
33.0	0.0	0.5	1.0	NULL
33.5	1.0	2.0	1.0	go
35.5	0.0	0.25	1.0	NULL
35.75	1.0	2.0	1.0	go
37.75	0.0	0.25	1.0	NULL
38.0	2.0	2.0	1.0	stop
40.0	0.0	0.75	1.0	NULL
40.75	1.0	2.0	1.0	go
42.75	0.0	0.25	1.0	NULL
43.0	2.0	2.0	1.0	stop
45.0	0.0	0.75	1.0	NULL
45.75	1.0	2.0	1.0	go
47.75	0.0	0.0	1.0	NULL
47.75	1.0	2.0	1.0	go
49.75	0.0	0.25	1.0	NULL
50.0	1.0	2.0	1.0	go
52.0	0.0	0.25	1.0	NULL
52.25	2.0	2.0	1.0	stop
54.25	0.0	0.5	1.0	NULL
54.75	1.0	2.0	1.0	go
56.75	0.0	0.25	1.0	NULL
57.0	2.0	2.0	1.0	stop
59.0	0.0	1.5	1.0	NULL
60.5	2.0	2.0	1.0	stop
62.5	0.0	0.75	1.0	NULL
63.25	2.0	2.0	1.0	stop
65.25	0.0	0.75	1.0	NULL
66.0	1.0	2.0	1.0	go
68.0	0.0	0.25	1.0	NULL
68.25	1.0	2.0	1.0	go
70.25	0.0	0.0	1.0	NULL
70.25	1.0	2.0	1.0	go
72.25	0.0	0.25	1.0	NULL
72.5	1.0	2.0	1.0	go
74.5	0.0	0.25	1.0	NULL
74.75	2.0	2.0	1.0	stop
76.75	0.0	0.75	1.0	NULL
77.5	1.0	2.0	1.0	go
79.5	0.0	0.25	1.0	NULL
79.75	1.0	2.0	1.0	go
81.75	0.0	0.25	1.0	NULL
82.0	2.0	2.0	1.0	stop
84.0	0.0	0.5	1.0	NULL
84.5	1.0	2.0	1.0	go
86.5	0.0	0.25	1.0	NULL
86.75	1.0	2.0	1.0	go
88.75	0.0	0.25	1.0	NULL
89.0	1.0	2.0	1.0	go
91.0	0.0	0.25	1.0	NULL
91.25	1.0	2.0	1.0	go
93.25	0.0	0.25	1.0	NULL
93.5	1.0	2.0	1.0	go
95.5	0.0	0.25	1.0	NULL
95.75	1.0	2.0	1.0	go
97.75	0.0	0.25	1.0	NULL
98.0	2.0	2.0	1.0	stop
100.0	0.0	0.75	1.0	NULL
100.75	2.0	2.0	1.0	stop
102.75	0.0	1.0	1.0	NULL
103.75	1.0	2.0	1.0	go
105.75	0.0	0.25	1.0	NULL
106.0	1.0	2.0	1.0	go
108.0	0.0	0.25	1.0	NULL
108.25	1.0	2.0	1.0	go
110.25	0.0	0.25	1.0	NULL
110.5	1.0	2.0	1.0	go
112.5	0.0	0.25	1.0	NULL
112.75	1.0	2.0	1.0	go
114.75	0.0	0.0	1.0	NULL
114.75	1.0	2.0	1.0	go
116.75	0.0	0.5	1.0	NULL
117.25	2.0	2.0	1.0	stop
119.25	0.0	0.5	1.0	NULL
119.75	1.0	2.0	1.0	go
121.75	0.0	0.5	1.0	NULL
122.25	1.0	2.0	1.0	go
124.25	0.0	0.25	1.0	NULL
124.5	2.0	2.0	1.0	stop
126.5	0.0	0.25	1.0	NULL
126.75	1.0	2.0	1.0	go
128.75	0.0	0.25	1.0	NULL
129.0	2.0	2.0	1.0	stop
131.0	0.0	1.25	1.0	NULL
132.25	1.0	2.0	1.0	go
134.25	0.0	0.5	1.0	NULL
134.75	1.0	2.0	1.0	go
136.75	0.0	0.25	1.0	NULL
137.0	1.0	2.0	1.0	go
139.0	0.0	0.5	1.0	NULL
139.5	1.0	2.0	1.0	go
141.5	0.0	0.5	1.0	NULL
142.0	1.0	2.0	1.0	go
144.0	0.0	0.25	1.0	NULL
144.25	2.0	2.0	1.0	stop
146.25	0.0	0.5	1.0	NULL
146.75	1.0	2.0	1.0	go
148.75	0.0	0.25	1.0	NULL
149.0	2.0	2.0	1.0	stop
151.0	0.0	1.0	1.0	NULL
152.0	2.0	2.0	1.0	stop
154.0	0.0	1.75	1.0	NULL
155.75	2.0	2.0	1.0	stop
157.75	0.0	1.0	1.0	NULL
158.75	1.0	2.0	1.0	go
160.75	0.0	0.5	1.0	NULL
161.25	1.0	2.0	1.0	go
163.25	0.0	0.25	1.0	NULL
163.5	2.0	2.0	1.0	stop
165.5	0.0	0.5	1.0	NULL
166.0	2.0	2.0	1.0	stop
168.0	0.0	0.25	1.0	NULL
168.25	1.0	2.0	1.0	go
170.25	0.0	0.25	1.0	NULL
170.5	1.0	2.0	1.0	go
172.5	0.0	0.0	1.0	NULL
172.5	2.0	2.0	1.0	stop
174.5	0.0	1.0	1.0	NULL
175.5	2.0	2.0	1.0	stop
187.5	0.0	0.75	1.0	NULL
188.25	1.0	2.0	1.0	go
190.25	0.0	0.25	1.0	NULL
190.5	1.0	2.0	1.0	go
192.5	0.0	0.25	1.0	NULL
192.75	1.0	2.0	1.0	go
194.75	0.0	0.5	1.0	NULL
195.25	1.0	2.0	1.0	go
197.25	0.0	0.0	1.0	NULL
197.25	2.0	2.0	1.0	stop
199.25	0.0	0.5	1.0	NULL
199.75	1.0	2.0	1.0	go
201.75	0.0	0.25	1.0	NULL
202.0	2.0	2.0	1.0	stop
204.0	0.0	0.5	1.0	NULL
204.5	2.0	2.0	1.0	stop
206.5	0.0	0.25	1.0	NULL
206.75	2.0	2.0	1.0	stop
208.75	0.0	0.5	1.0	NULL
209.25	1.0	2.0	1.0	go
211.25	0.0	0.25	1.0	NULL
211.5	1.0	2.0	1.0	go
213.5	0.0	0.25	1.0	NULL
213.75	1.0	2.0	1.0	go
215.75	0.0	0.75	1.0	NULL
216.5	1.0	2.0	1.0	go
218.5	0.0	0.75	1.0	NULL
219.25	1.0	2.0	1.0	go
221.25	0.0	1.5	1.0	NULL
222.75	2.0	2.0	1.0	stop
224.75	0.0	0.25	1.0	NULL
225.0	1.0	2.0	1.0	go
227.0	0.0	0.75	1.0	NULL
227.75	1.0	2.0	1.0	go
229.75	0.0	0.25	1.0	NULL
230.0	1.0	2.0	1.0	go
232.0	0.0	0.5	1.0	NULL
232.5	1.0	2.0	1.0	go
234.5	0.0	0.25	1.0	NULL
234.75	2.0	2.0	1.0	stop
236.75	0.0	0.0	1.0	NULL
236.75	2.0	2.0	1.0	stop
238.75	0.0	0.75	1.0	NULL
239.5	1.0	2.0	1.0	go
241.5	0.0	0.5	1.0	NULL
242.0	1.0	2.0	1.0	go
244.0	0.0	0.25	1.0	NULL
244.25	1.0	2.0	1.0	go
246.25	0.0	0.25	1.0	NULL
246.5	1.0	2.0	1.0	go
248.5	0.0	0.5	1.0	NULL
249.0	2.0	2.0	1.0	stop
251.0	0.0	0.25	1.0	NULL
251.25	1.0	2.0	1.0	go
253.25	0.0	0.25	1.0	NULL
253.5	1.0	2.0	1.0	go
255.5	0.0	0.25	1.0	NULL
255.75	1.0	2.0	1.0	go
257.75	0.0	0.5	1.0	NULL
258.25	2.0	2.0	1.0	stop
260.25	0.0	0.5	1.0	NULL
260.75	1.0	2.0	1.0	go
262.75	0.0	0.25	1.0	NULL
263.0	2.0	2.0	1.0	stop
265.0	0.0	1.0	1.0	NULL
266.0	2.0	2.0	1.0	stop
268.0	0.0	0.25	1.0	NULL
268.25	1.0	2.0	1.0	go
270.25	0.0	0.25	1.0	NULL
270.5	2.0	2.0	1.0	stop
272.5	0.0	0.25	1.0	NULL
272.75	1.0	2.0	1.0	go
274.75	0.0	0.25	1.0	NULL
275.0	1.0	2.0	1.0	go
277.0	0.0	0.25	1.0	NULL
277.25	1.0	2.0	1.0	go
279.25	0.0	0.0	1.0	NULL
279.25	1.0	2.0	1.0	go
281.25	0.0	0.5	1.0	NULL
281.75	1.0	2.0	1.0	go
283.75	0.0	0.75	1.0	NULL
284.5	2.0	2.0	1.0	stop
286.5	0.0	0.0	1.0	NULL
286.5	1.0	2.0	1.0	go
288.5	0.0	0.25	1.0	NULL
288.75	2.0	2.0	1.0	stop
290.75	0.0	1.75	1.0	NULL
292.5	1.0	2.0	1.0	go
294.5	0.0	0.25	1.0	NULL
294.75	1.0	2.0	1.0	go
296.75	0.0	0.25	1.0	NULL
297.0	1.0	2.0	1.0	go
299.0	0.0	0.25	1.0	NULL
299.25	2.0	2.0	1.0	stop
301.25	0.0	0.0	1.0	NULL
301.25	2.0	2.0	1.0	stop
303.25	0.0	1.25	1.0	NULL
304.5	1.0	2.0	1.0	go
306.5	0.0	0.5	1.0	NULL
307.0	2.0	2.0	1.0	stop
309.0	0.0	0.75	1.0	NULL
309.75	2.0	2.0	1.0	stop
311.75	0.0	0.25	1.0	NULL
312.0	2.0	2.0	1.0	stop
314.0	0.0	0.25	1.0	NULL
314.25	2.0	2.0	1.0	stop
316.25	0.0	0.25	1.0	NULL
316.5	1.0	2.0	1.0	go
318.5	0.0	0.5	1.0	NULL
319.0	1.0	2.0	1.0	go
321.0	0.0	1.25	1.0	NULL
322.25	1.0	2.0	1.0	go
324.25	0.0	0.25	1.0	NULL
324.5	1.0	2.0	1.0	go
326.5	0.0	0.25	1.0	NULL
326.75	1.0	2.0	1.0	go
328.75	0.0	0.5	1.0	NULL
329.25	1.0	2.0	1.0	go
331.25	0.0	0.0	1.0	NULL
331.25	2.0	2.0	1.0	stop
333.25	0.0	1.25	1.0	NULL
334.5	1.0	2.0	1.0	go
336.5	0.0	0.5	1.0	NULL
337.0	1.0	2.0	1.0	go
339.0	0.0	0.5	1.0	NULL
339.5	1.0	2.0	1.0	go
341.5	0.0	0.25	1.0	NULL
341.75	1.0	2.0	1.0	go
343.75	0.0	0.25	1.0	NULL
344.0	1.0	2.0	1.0	go
346.0	0.0	1.0	1.0	NULL
347.0	1.0	2.0	1.0	go
349.0	0.0	0.5	1.0	NULL
349.5	2.0	2.0	1.0	stop
351.5	0.0	0.25	1.0	NULL
351.75	2.0	2.0	1.0	stop
353.75	0.0	1.75	1.0	NULL
355.5	2.0	2.0	1.0	stop
357.5	0.0	0.0	1.0	NULL
357.5	1.0	2.0	1.0	go
359.5	0.0	0.5	1.0	NULL
360.0	1.0	2.0	1.0	go
362.0	0.0	0.25	1.0	NULL
362.25	1.0	2.0	1.0	go
374.25	0.0	0.25	1.0	NULL
374.5	1.0	2.0	1.0	go
376.5	0.0	0.25	1.0	NULL
376.75	1.0	2.0	1.0	go
378.75	0.0	0.5	1.0	NULL
379.25	2.0	2.0	1.0	stop
381.25	0.0	0.25	1.0	NULL
381.5	2.0	2.0	1.0	stop
383.5	0.0	0.5	1.0	NULL
384.0	2.0	2.0	1.0	stop
386.0	0.0	0.25	1.0	NULL
386.25	1.0	2.0	1.0	go
388.25	0.0	0.25	1.0	NULL
388.5	1.0	2.0	1.0	go
390.5	0.0	0.25	1.0	NULL
390.75	2.0	2.0	1.0	stop
392.75	0.0	0.5	1.0	NULL
393.25	1.0	2.0	1.0	go
395.25	0.0	1.75	1.0	NULL
397.0	1.0	2.0	1.0	go
399.0	0.0	1.0	1.0	NULL
400.0	1.0	2.0	1.0	go
402.0	0.0	1.25	1.0	NULL
403.25	1.0	2.0	1.0	go
405.25	0.0	0.5	1.0	NULL
405.75	2.0	2.0	1.0	stop
407.75	0.0	0.5	1.0	NULL
408.25	2.0	2.0	1.0	stop
410.25	0.0	3.5	1.0	NULL
413.75	1.0	2.0	1.0	go
415.75	0.0	1.0	1.0	NULL
416.75	1.0	2.0	1.0	go
418.75	0.0	0.5	1.0	NULL
419.25	2.0	2.0	1.0	stop
421.25	0.0	0.25	1.0	NULL
421.5	1.0	2.0	1.0	go
423.5	0.0	1.25	1.0	NULL
424.75	1.0	2.0	1.0	go
426.75	0.0	0.25	1.0	NULL
427.0	2.0	2.0	1.0	stop
429.0	0.0	0.25	1.0	NULL
429.25	1.0	2.0	1.0	go
431.25	0.0	0.25	1.0	NULL
431.5	1.0	2.0	1.0	go
433.5	0.0	0.25	1.0	NULL
433.75	1.0	2.0	1.0	go
435.75	0.0	1.5	1.0	NULL
437.25	1.0	2.0	1.0	go
439.25	0.0	0.25	1.0	NULL
439.5	2.0	2.0	1.0	stop
441.5	0.0	0.25	1.0	NULL
441.75	1.0	2.0	1.0	go
443.75	0.0	0.25	1.0	NULL
444.0	1.0	2.0	1.0	go
446.0	0.0	0.5	1.0	NULL
446.5	1.0	2.0	1.0	go
448.5	0.0	1.25	1.0	NULL
449.75	2.0	2.0	1.0	stop
451.75	0.0	0.75	1.0	NULL
452.5	1.0	2.0	1.0	go
454.5	0.0	0.75	1.0	NULL
455.25	1.0	2.0	1.0	go
457.25	0.0	0.25	1.0	NULL
457.5	1.0	2.0	1.0	go
459.5	0.0	0.25	1.0	NULL
459.75	1.0	2.0	1.0	go
461.75	0.0	0.25	1.0	NULL
462.0	1.0	2.0	1.0	go
464.0	0.0	0.75	1.0	NULL
464.75	1.0	2.0	1.0	go
466.75	0.0	0.25	1.0	NULL
467.0	2.0	2.0	1.0	stop
469.0	0.0	0.5	1.0	NULL
469.5	1.0	2.0	1.0	go
471.5	0.0	0.0	1.0	NULL
471.5	1.0	2.0	1.0	go
473.5	0.0	0.25	1.0	NULL
473.75	2.0	2.0	1.0	stop
475.75	0.0	0.0	1.0	NULL
475.75	2.0	2.0	1.0	stop
477.75	0.0	0.5	1.0	NULL
478.25	2.0	2.0	1.0	stop
480.25	0.0	0.25	1.0	NULL
480.5	1.0	2.0	1.0	go
482.5	0.0	0.25	1.0	NULL
482.75	2.0	2.0	1.0	stop
484.75	0.0	1.0	1.0	NULL
485.75	2.0	2.0	1.0	stop
487.75	0.0	0.25	1.0	NULL
488.0	1.0	2.0	1.0	go
490.0	0.0	0.5	1.0	NULL
490.5	2.0	2.0	1.0	stop
492.5	0.0	1.25	1.0	NULL
493.75	1.0	2.0	1.0	go
495.75	0.0	0.75	1.0	NULL
496.5	1.0	2.0	1.0	go
498.5	0.0	0.25	1.0	NULL
498.75	1.0	2.0	1.0	go
500.75	0.0	0.25	1.0	NULL
501.0	1.0	2.0	1.0	go
503.0	0.0	0.5	1.0	NULL
503.5	1.0	2.0	1.0	go
505.5	0.0	0.25	1.0	NULL
505.75	2.0	2.0	1.0	stop
507.75	0.0	0.5	1.0	NULL
508.25	1.0	2.0	1.0	go
510.25	0.0	0.25	1.0	NULL
510.5	2.0	2.0	1.0	stop
512.5	0.0	0.5	1.0	NULL
513.0	1.0	2.0	1.0	go
515.0	0.0	0.5	1.0	NULL
515.5	1.0	2.0	1.0	go
517.5	0.0	0.25	1.0	NULL
517.75	1.0	2.0	1.0	go
519.75	0.0	0.75	1.0	NULL
520.5	1.0	2.0	1.0	go
522.5	0.0	0.25	1.0	NULL
522.75	1.0	2.0	1.0	go
524.75	0.0	0.25	1.0	NULL
525.0	1.0	2.0	1.0	go
527.0	0.0	0.5	1.0	NULL
527.5	1.0	2.0	1.0	go
529.5	0.0	0.75	1.0	NULL
530.25	2.0	2.0	1.0	stop
532.25	0.0	0.5	1.0	NULL
532.75	1.0	2.0	1.0	go
534.75	0.0	0.5	1.0	NULL
535.25	1.0	2.0	1.0	go
537.25	0.0	1.0	1.0	NULL
538.25	1.0	2.0	1.0	go
540.25	0.0	0.25	1.0	NULL
540.5	1.0	2.0	1.0	go
542.5	0.0	2.5	1.0	NULL
545.0	2.0	2.0	1.0	stop
547.0	0.0	0.25	1.0	NULL
547.25	1.0	2.0	1.0	go
549.25	0.0	0.5	1.0	NULL
549.75	2.0	2.0	1.0	stop
551.75	0.0	0.75	1.0	NULL
552.5	1.0	2.0	1.0	go
554.5	0.0	0.25	1.0	NULL
554.75	1.0	2.0	1.0	go
556.75	0.0	0.75	1.0	NULL
557.5	1.0	2.0	1.0	go
