0.0
13.75
21.75
24.25
26.5
28.75
33.5
35.75
40.75
45.75
47.75
50.0
54.75
66.0
68.25
70.25
72.5
77.5
79.75
84.5
86.75
89.0
91.25
93.5
95.75
103.75
106.0
108.25
110.5
112.75
114.75
119.75
122.25
126.75
132.25
134.75
137.0
139.5
142.0
146.75
158.75
161.25
168.25
170.5
188.25
190.5
192.75
195.25
199.75
209.25
211.5
213.75
216.5
219.25
225.0
227.75
230.0
232.5
239.5
242.0
244.25
246.5
251.25
253.5
255.75
260.75
268.25
272.75
275.0
277.25
279.25
281.75
286.5
292.5
294.75
297.0
304.5
316.5
319.0
322.25
324.5
326.75
329.25
334.5
337.0
339.5
341.75
344.0
347.0
357.5
360.0
362.25
374.5
376.75
386.25
388.5
393.25
397.0
400.0
403.25
413.75
416.75
421.5
424.75
429.25
431.5
433.75
437.25
441.75
444.0
446.5
452.5
455.25
457.5
459.75
462.0
464.75
469.5
471.5
480.5
488.0
493.75
496.5
498.75
501.0
503.5
508.25
513.0
515.5
517.75
520.5
522.75
525.0
527.5
532.75
535.25
538.25
540.5
547.25
552.5
554.75
557.5
