0.0
5.25
10.5
18.0
32.25
44.25
49.25
54.25
57.25
62.25
65.5
76.75
97.5
102.25
107.5
115.0
122.25
127.5
130.25
133.25
150.25
158.25
163.25
180.75
186.25
193.5
199.5
207.0
209.75
212.25
215.0
235.25
242.75
250.75
253.5
265.5
272.75
275.5
279.0
286.75
289.75
311.75
329.0
338.5
351.25
359.0
371.0
373.75
377.0
380.0
383.0
390.0
392.75
404.5
409.25
418.25
420.75
428.25
431.0
433.75
447.75
455.0
464.25
468.5
487.0
505.0
508.25
531.0
533.75
536.5
549.0
552.25
557.5
571.5
576.5
581.75
584.5
589.5
604.25
607.25
618.75
633.0
635.5
647.0
654.5
657.0
659.75
666.75
671.5
676.75
