0.0	0.0	0.0	1.0	NULL
0.0	1.0	2.15	1.0	tstay_cstay
2.15	0.0	0.0	1.0	NULL
2.15	3.0	2.15	1.0	tswitch_cswitch
4.299999999999999	0.0	0.75	1.0	NULL
5.049999999999999	1.0	2.15	1.0	tstay_cstay
7.199999999999998	0.0	0.5	1.0	NULL
7.699999999999998	3.0	2.15	1.0	tswitch_cswitch
9.85	0.0	0.25	1.0	NULL
10.1	1.0	2.15	1.0	tstay_cstay
12.25	0.0	0.25	1.0	NULL
12.5	1.0	2.15	1.0	tstay_cstay
14.65	0.0	0.5	1.0	NULL
15.15	1.0	2.15	1.0	tstay_cstay
17.3	0.0	0.25	1.0	NULL
17.55	3.0	2.15	1.0	tswitch_cswitch
19.7	0.0	0.5	1.0	NULL
20.2	1.0	2.15	1.0	tstay_cstay
22.35	0.0	0.5	1.0	NULL
22.85	2.0	2.15	1.0	tstay_cswitch
25.0	0.0	1.5	1.0	NULL
26.5	2.0	2.15	1.0	tstay_cswitch
28.649999999999995	0.0	0.25	1.0	NULL
28.899999999999995	1.0	2.15	1.0	tstay_cstay
31.049999999999997	0.0	2.25	1.0	NULL
33.3	3.0	2.15	1.0	tswitch_cswitch
35.45	0.0	0.75	1.0	NULL
36.2	2.0	2.15	1.0	tstay_cswitch
38.35	0.0	0.5	1.0	NULL
38.85	2.0	2.15	1.0	tstay_cswitch
40.99999999999999	0.0	0.25	1.0	NULL
41.24999999999999	2.0	2.15	1.0	tstay_cswitch
43.39999999999999	0.0	1.25	1.0	NULL
44.64999999999999	3.0	2.15	1.0	tswitch_cswitch
46.79999999999999	0.0	0.5	1.0	NULL
47.29999999999999	3.0	2.15	1.0	tswitch_cswitch
49.44999999999999	0.0	0.5	1.0	NULL
49.94999999999999	1.0	2.15	1.0	tstay_cstay
52.09999999999999	0.0	0.25	1.0	NULL
52.34999999999999	3.0	2.15	1.0	tswitch_cswitch
54.49999999999999	0.0	1.0	1.0	NULL
55.49999999999999	1.0	2.15	1.0	tstay_cstay
57.649999999999984	0.0	0.5	1.0	NULL
58.149999999999984	3.0	2.15	1.0	tswitch_cswitch
60.29999999999998	0.0	0.75	1.0	NULL
61.04999999999998	1.0	2.15	1.0	tstay_cstay
63.19999999999998	0.0	0.25	1.0	NULL
63.44999999999998	3.0	2.15	1.0	tswitch_cswitch
65.59999999999998	0.0	0.25	1.0	NULL
65.84999999999998	3.0	2.15	1.0	tswitch_cswitch
67.99999999999999	0.0	0.25	1.0	NULL
68.24999999999999	2.0	2.15	1.0	tstay_cswitch
70.39999999999998	0.0	0.75	1.0	NULL
71.14999999999998	3.0	2.15	1.0	tswitch_cswitch
73.3	0.0	0.25	1.0	NULL
73.55	2.0	2.15	1.0	tstay_cswitch
75.7	0.0	1.75	1.0	NULL
77.45	1.0	2.15	1.0	tstay_cstay
79.60000000000002	0.0	0.25	1.0	NULL
79.85000000000002	2.0	2.15	1.0	tstay_cswitch
82.00000000000001	0.0	0.75	1.0	NULL
82.75000000000001	1.0	2.15	1.0	tstay_cstay
84.90000000000002	0.0	0.25	1.0	NULL
85.15000000000002	1.0	2.15	1.0	tstay_cstay
87.30000000000004	0.0	0.0	1.0	NULL
87.30000000000004	3.0	2.15	1.0	tswitch_cswitch
89.45000000000003	0.0	0.5	1.0	NULL
89.95000000000003	3.0	2.15	1.0	tswitch_cswitch
92.10000000000004	0.0	0.25	1.0	NULL
92.35000000000004	1.0	2.15	1.0	tstay_cstay
94.50000000000004	0.0	0.25	1.0	NULL
94.75000000000004	2.0	2.15	1.0	tstay_cswitch
96.90000000000003	0.0	2.0	1.0	NULL
98.90000000000003	3.0	2.15	1.0	tswitch_cswitch
101.05000000000004	0.0	0.25	1.0	NULL
101.30000000000004	2.0	2.15	1.0	tstay_cswitch
103.45000000000006	0.0	0.25	1.0	NULL
103.70000000000006	1.0	2.15	1.0	tstay_cstay
105.85000000000008	0.0	0.5	1.0	NULL
106.35000000000008	3.0	2.15	1.0	tswitch_cswitch
108.50000000000007	0.0	0.0	1.0	NULL
108.50000000000007	2.0	2.15	1.0	tstay_cswitch
110.65000000000008	0.0	0.25	1.0	NULL
110.90000000000008	3.0	2.15	1.0	tswitch_cswitch
113.05000000000008	0.0	0.25	1.0	NULL
113.30000000000008	1.0	2.15	1.0	tstay_cstay
115.45000000000007	0.0	0.75	1.0	NULL
116.20000000000007	1.0	2.15	1.0	tstay_cstay
118.3500000000001	0.0	0.25	1.0	NULL
118.6000000000001	3.0	2.15	1.0	tswitch_cswitch
120.7500000000001	0.0	0.25	1.0	NULL
121.0000000000001	1.0	2.15	1.0	tstay_cstay
123.15000000000009	0.0	0.5	1.0	NULL
123.65000000000009	2.0	2.15	1.0	tstay_cswitch
125.8000000000001	0.0	0.25	1.0	NULL
126.0500000000001	1.0	2.15	1.0	tstay_cstay
128.2000000000001	0.0	0.25	1.0	NULL
128.4500000000001	3.0	2.15	1.0	tswitch_cswitch
130.6000000000001	0.0	1.25	1.0	NULL
131.8500000000001	1.0	2.15	1.0	tstay_cstay
134.00000000000009	0.0	0.25	1.0	NULL
134.25000000000009	2.0	2.15	1.0	tstay_cswitch
136.40000000000012	0.0	0.25	1.0	NULL
136.65000000000012	3.0	2.15	1.0	tswitch_cswitch
148.80000000000013	0.0	0.25	1.0	NULL
149.05000000000013	3.0	2.15	1.0	tswitch_cswitch
151.20000000000013	0.0	0.5	1.0	NULL
151.70000000000013	1.0	2.15	1.0	tstay_cstay
153.85000000000014	0.0	0.5	1.0	NULL
154.35000000000014	2.0	2.15	1.0	tstay_cswitch
156.50000000000014	0.0	0.25	1.0	NULL
156.75000000000014	3.0	2.15	1.0	tswitch_cswitch
158.90000000000015	0.0	0.25	1.0	NULL
159.15000000000015	2.0	2.15	1.0	tstay_cswitch
161.30000000000015	0.0	1.25	1.0	NULL
162.55000000000015	2.0	2.15	1.0	tstay_cswitch
164.70000000000016	0.0	0.75	1.0	NULL
165.45000000000016	3.0	2.15	1.0	tswitch_cswitch
167.60000000000016	0.0	0.5	1.0	NULL
168.10000000000016	3.0	2.15	1.0	tswitch_cswitch
170.25000000000014	0.0	0.5	1.0	NULL
170.75000000000014	1.0	2.15	1.0	tstay_cstay
172.9000000000002	0.0	0.25	1.0	NULL
173.1500000000002	3.0	2.15	1.0	tswitch_cswitch
175.30000000000018	0.0	0.25	1.0	NULL
175.55000000000018	3.0	2.15	1.0	tswitch_cswitch
177.7000000000002	0.0	0.25	1.0	NULL
177.9500000000002	3.0	2.15	1.0	tswitch_cswitch
180.1000000000002	0.0	0.25	1.0	NULL
180.3500000000002	2.0	2.15	1.0	tstay_cswitch
182.5000000000002	0.0	0.25	1.0	NULL
182.7500000000002	1.0	2.15	1.0	tstay_cstay
184.9000000000002	0.0	0.75	1.0	NULL
185.6500000000002	3.0	2.15	1.0	tswitch_cswitch
187.80000000000018	0.0	0.5	1.0	NULL
188.30000000000018	2.0	2.15	1.0	tstay_cswitch
190.45000000000027	0.0	0.5	1.0	NULL
190.95000000000027	3.0	2.15	1.0	tswitch_cswitch
193.10000000000028	0.0	0.5	1.0	NULL
193.60000000000028	3.0	2.15	1.0	tswitch_cswitch
195.75000000000026	0.0	0.25	1.0	NULL
196.00000000000026	2.0	2.15	1.0	tstay_cswitch
198.15000000000026	0.0	0.25	1.0	NULL
198.40000000000026	3.0	2.15	1.0	tswitch_cswitch
200.55000000000027	0.0	1.25	1.0	NULL
201.80000000000027	1.0	2.15	1.0	tstay_cstay
203.95000000000027	0.0	1.0	1.0	NULL
204.95000000000027	3.0	2.15	1.0	tswitch_cswitch
207.10000000000028	0.0	0.5	1.0	NULL
207.60000000000028	1.0	2.15	1.0	tstay_cstay
209.75000000000026	0.0	0.5	1.0	NULL
210.25000000000026	1.0	2.15	1.0	tstay_cstay
212.40000000000026	0.0	0.25	1.0	NULL
212.65000000000026	3.0	2.15	1.0	tswitch_cswitch
214.80000000000027	0.0	0.5	1.0	NULL
215.30000000000027	2.0	2.15	1.0	tstay_cswitch
217.45000000000027	0.0	0.25	1.0	NULL
217.70000000000027	2.0	2.15	1.0	tstay_cswitch
219.85000000000028	0.0	0.25	1.0	NULL
220.10000000000028	3.0	2.15	1.0	tswitch_cswitch
222.25000000000026	0.0	1.25	1.0	NULL
223.50000000000026	1.0	2.15	1.0	tstay_cstay
225.65000000000032	0.0	1.0	1.0	NULL
226.65000000000032	3.0	2.15	1.0	tswitch_cswitch
228.8000000000003	0.0	0.5	1.0	NULL
229.3000000000003	3.0	2.15	1.0	tswitch_cswitch
231.4500000000003	0.0	0.25	1.0	NULL
231.7000000000003	3.0	2.15	1.0	tswitch_cswitch
233.8500000000003	0.0	1.0	1.0	NULL
234.8500000000003	1.0	2.15	1.0	tstay_cstay
237.0000000000003	0.0	0.25	1.0	NULL
237.2500000000003	3.0	2.15	1.0	tswitch_cswitch
239.40000000000032	0.0	0.75	1.0	NULL
240.15000000000032	2.0	2.15	1.0	tstay_cswitch
242.3000000000003	0.0	0.75	1.0	NULL
243.0500000000003	3.0	2.15	1.0	tswitch_cswitch
245.2000000000004	0.0	0.5	1.0	NULL
245.7000000000004	3.0	2.15	1.0	tswitch_cswitch
247.8500000000004	0.0	0.5	1.0	NULL
248.3500000000004	2.0	2.15	1.0	tstay_cswitch
250.50000000000037	0.0	0.75	1.0	NULL
251.25000000000037	3.0	2.15	1.0	tswitch_cswitch
253.40000000000038	0.0	0.25	1.0	NULL
253.65000000000038	2.0	2.15	1.0	tstay_cswitch
255.8000000000004	0.0	1.0	1.0	NULL
256.8000000000004	1.0	2.15	1.0	tstay_cstay
258.9500000000004	0.0	0.25	1.0	NULL
259.2000000000004	1.0	2.15	1.0	tstay_cstay
261.3500000000003	0.0	0.0	1.0	NULL
261.3500000000003	2.0	2.15	1.0	tstay_cswitch
263.5000000000003	0.0	0.25	1.0	NULL
263.7500000000003	3.0	2.15	1.0	tswitch_cswitch
265.90000000000026	0.0	0.25	1.0	NULL
266.15000000000026	3.0	2.15	1.0	tswitch_cswitch
268.30000000000024	0.0	1.0	1.0	NULL
269.30000000000024	3.0	2.15	1.0	tswitch_cswitch
271.4500000000002	0.0	0.25	1.0	NULL
271.7000000000002	3.0	2.15	1.0	tswitch_cswitch
273.8500000000002	0.0	0.75	1.0	NULL
274.6000000000002	2.0	2.15	1.0	tstay_cswitch
276.75000000000017	0.0	0.25	1.0	NULL
277.00000000000017	2.0	2.15	1.0	tstay_cswitch
279.1500000000001	0.0	0.5	1.0	NULL
279.6500000000001	1.0	2.15	1.0	tstay_cstay
281.8000000000001	0.0	0.5	1.0	NULL
282.3000000000001	1.0	2.15	1.0	tstay_cstay
284.4500000000001	0.0	1.0	1.0	NULL
285.4500000000001	3.0	2.15	1.0	tswitch_cswitch
297.60000000000014	0.0	0.25	1.0	NULL
297.85000000000014	2.0	2.15	1.0	tstay_cswitch
300.00000000000006	0.0	1.25	1.0	NULL
301.25000000000006	2.0	2.15	1.0	tstay_cswitch
303.4000000000001	0.0	0.25	1.0	NULL
303.6500000000001	3.0	2.15	1.0	tswitch_cswitch
305.8	0.0	0.25	1.0	NULL
306.05	3.0	2.15	1.0	tswitch_cswitch
308.2	0.0	0.25	1.0	NULL
308.45	1.0	2.15	1.0	tstay_cstay
310.6	0.0	0.25	1.0	NULL
310.85	3.0	2.15	1.0	tswitch_cswitch
312.99999999999994	0.0	1.75	1.0	NULL
314.74999999999994	3.0	2.15	1.0	tswitch_cswitch
316.89999999999986	0.0	0.5	1.0	NULL
317.39999999999986	3.0	2.15	1.0	tswitch_cswitch
319.5499999999999	0.0	0.0	1.0	NULL
319.5499999999999	2.0	2.15	1.0	tstay_cswitch
321.6999999999999	0.0	0.25	1.0	NULL
321.9499999999999	1.0	2.15	1.0	tstay_cstay
324.0999999999998	0.0	0.25	1.0	NULL
324.3499999999998	3.0	2.15	1.0	tswitch_cswitch
326.49999999999983	0.0	0.25	1.0	NULL
326.74999999999983	1.0	2.15	1.0	tstay_cstay
328.8999999999998	0.0	0.0	1.0	NULL
328.8999999999998	2.0	2.15	1.0	tstay_cswitch
331.0499999999998	0.0	0.25	1.0	NULL
331.2999999999998	3.0	2.15	1.0	tswitch_cswitch
333.44999999999976	0.0	1.25	1.0	NULL
334.69999999999976	2.0	2.15	1.0	tstay_cswitch
336.84999999999974	0.0	1.25	1.0	NULL
338.09999999999974	2.0	2.15	1.0	tstay_cswitch
340.2499999999997	0.0	0.25	1.0	NULL
340.4999999999997	3.0	2.15	1.0	tswitch_cswitch
342.6499999999997	0.0	0.5	1.0	NULL
343.1499999999997	1.0	2.15	1.0	tstay_cstay
345.29999999999967	0.0	0.25	1.0	NULL
345.54999999999967	3.0	2.15	1.0	tswitch_cswitch
347.6999999999996	0.0	1.0	1.0	NULL
348.6999999999996	1.0	2.15	1.0	tstay_cstay
350.8499999999996	0.0	0.5	1.0	NULL
351.3499999999996	1.0	2.15	1.0	tstay_cstay
353.4999999999996	0.0	0.25	1.0	NULL
353.7499999999996	1.0	2.15	1.0	tstay_cstay
355.89999999999964	0.0	0.0	1.0	NULL
355.89999999999964	2.0	2.15	1.0	tstay_cswitch
358.0499999999996	0.0	0.5	1.0	NULL
358.5499999999996	2.0	2.15	1.0	tstay_cswitch
360.6999999999995	0.0	0.5	1.0	NULL
361.1999999999995	1.0	2.15	1.0	tstay_cstay
363.34999999999945	0.0	0.5	1.0	NULL
363.84999999999945	1.0	2.15	1.0	tstay_cstay
365.9999999999995	0.0	0.5	1.0	NULL
366.4999999999995	3.0	2.15	1.0	tswitch_cswitch
368.64999999999947	0.0	0.25	1.0	NULL
368.89999999999947	3.0	2.15	1.0	tswitch_cswitch
371.0499999999994	0.0	1.25	1.0	NULL
372.2999999999994	3.0	2.15	1.0	tswitch_cswitch
374.44999999999936	0.0	0.25	1.0	NULL
374.69999999999936	3.0	2.15	1.0	tswitch_cswitch
376.8499999999994	0.0	0.5	1.0	NULL
377.3499999999994	2.0	2.15	1.0	tstay_cswitch
379.4999999999994	0.0	0.75	1.0	NULL
380.2499999999994	3.0	2.15	1.0	tswitch_cswitch
382.3999999999994	0.0	0.5	1.0	NULL
382.8999999999994	1.0	2.15	1.0	tstay_cstay
385.0499999999992	0.0	0.5	1.0	NULL
385.5499999999992	3.0	2.15	1.0	tswitch_cswitch
387.6999999999993	0.0	0.5	1.0	NULL
388.1999999999993	1.0	2.15	1.0	tstay_cstay
390.34999999999934	0.0	0.25	1.0	NULL
390.59999999999934	1.0	2.15	1.0	tstay_cstay
392.74999999999926	0.0	0.25	1.0	NULL
392.99999999999926	3.0	2.15	1.0	tswitch_cswitch
395.1499999999992	0.0	1.25	1.0	NULL
396.3999999999992	1.0	2.15	1.0	tstay_cstay
398.54999999999916	0.0	0.5	1.0	NULL
399.04999999999916	2.0	2.15	1.0	tstay_cswitch
401.19999999999914	0.0	1.5	1.0	NULL
402.69999999999914	1.0	2.15	1.0	tstay_cstay
404.84999999999917	0.0	0.25	1.0	NULL
405.09999999999917	3.0	2.15	1.0	tswitch_cswitch
407.24999999999915	0.0	0.0	1.0	NULL
407.24999999999915	2.0	2.15	1.0	tstay_cswitch
409.3999999999992	0.0	0.75	1.0	NULL
410.1499999999992	2.0	2.15	1.0	tstay_cswitch
412.29999999999916	0.0	0.5	1.0	NULL
412.79999999999916	1.0	2.15	1.0	tstay_cstay
414.94999999999914	0.0	0.25	1.0	NULL
415.19999999999914	2.0	2.15	1.0	tstay_cswitch
417.34999999999917	0.0	0.5	1.0	NULL
417.84999999999917	3.0	2.15	1.0	tswitch_cswitch
419.9999999999991	0.0	0.25	1.0	NULL
420.2499999999991	1.0	2.15	1.0	tstay_cstay
422.399999999999	0.0	0.25	1.0	NULL
422.649999999999	3.0	2.15	1.0	tswitch_cswitch
424.799999999999	0.0	0.25	1.0	NULL
425.049999999999	2.0	2.15	1.0	tstay_cswitch
427.1999999999989	0.0	0.5	1.0	NULL
427.6999999999989	1.0	2.15	1.0	tstay_cstay
429.84999999999883	0.0	1.0	1.0	NULL
430.84999999999883	1.0	2.15	1.0	tstay_cstay
432.99999999999886	0.0	0.25	1.0	NULL
433.24999999999886	1.0	2.15	1.0	tstay_cstay
445.39999999999884	0.0	0.5	1.0	NULL
445.89999999999884	1.0	2.15	1.0	tstay_cstay
448.0499999999989	0.0	0.25	1.0	NULL
448.2999999999989	1.0	2.15	1.0	tstay_cstay
450.44999999999885	0.0	1.5	1.0	NULL
451.94999999999885	1.0	2.15	1.0	tstay_cstay
454.0999999999988	0.0	0.25	1.0	NULL
454.3499999999988	3.0	2.15	1.0	tswitch_cswitch
456.4999999999988	0.0	0.25	1.0	NULL
456.7499999999988	3.0	2.15	1.0	tswitch_cswitch
458.8999999999988	0.0	0.5	1.0	NULL
459.3999999999988	2.0	2.15	1.0	tstay_cswitch
461.54999999999876	0.0	0.5	1.0	NULL
462.04999999999876	3.0	2.15	1.0	tswitch_cswitch
464.1999999999988	0.0	0.25	1.0	NULL
464.4499999999988	1.0	2.15	1.0	tstay_cstay
466.5999999999987	0.0	1.5	1.0	NULL
468.0999999999987	1.0	2.15	1.0	tstay_cstay
470.2499999999987	0.0	0.5	1.0	NULL
470.7499999999987	3.0	2.15	1.0	tswitch_cswitch
472.8999999999986	0.0	0.25	1.0	NULL
473.1499999999986	3.0	2.15	1.0	tswitch_cswitch
475.29999999999865	0.0	0.25	1.0	NULL
475.54999999999865	1.0	2.15	1.0	tstay_cstay
477.6999999999986	0.0	0.5	1.0	NULL
478.1999999999986	3.0	2.15	1.0	tswitch_cswitch
480.3499999999986	0.0	0.25	1.0	NULL
480.5999999999986	2.0	2.15	1.0	tstay_cswitch
482.74999999999864	0.0	0.25	1.0	NULL
482.99999999999864	1.0	2.15	1.0	tstay_cstay
485.14999999999856	0.0	0.25	1.0	NULL
485.39999999999856	1.0	2.15	1.0	tstay_cstay
487.5499999999985	0.0	0.5	1.0	NULL
488.0499999999985	3.0	2.15	1.0	tswitch_cswitch
490.19999999999845	0.0	0.25	1.0	NULL
490.44999999999845	1.0	2.15	1.0	tstay_cstay
492.5999999999985	0.0	0.75	1.0	NULL
493.3499999999985	1.0	2.15	1.0	tstay_cstay
495.49999999999847	0.0	0.25	1.0	NULL
495.74999999999847	1.0	2.15	1.0	tstay_cstay
497.8999999999984	0.0	0.25	1.0	NULL
498.1499999999984	1.0	2.15	1.0	tstay_cstay
500.2999999999984	0.0	0.25	1.0	NULL
500.5499999999984	1.0	2.15	1.0	tstay_cstay
502.6999999999984	0.0	0.25	1.0	NULL
502.9499999999984	1.0	2.15	1.0	tstay_cstay
505.0999999999984	0.0	0.5	1.0	NULL
505.5999999999984	2.0	2.15	1.0	tstay_cswitch
507.7499999999984	0.0	0.25	1.0	NULL
507.9999999999984	2.0	2.15	1.0	tstay_cswitch
510.1499999999984	0.0	0.5	1.0	NULL
510.6499999999984	2.0	2.15	1.0	tstay_cswitch
512.7999999999984	0.0	0.25	1.0	NULL
513.0499999999984	1.0	2.15	1.0	tstay_cstay
515.1999999999983	0.0	0.5	1.0	NULL
515.6999999999983	1.0	2.15	1.0	tstay_cstay
517.8499999999983	0.0	0.5	1.0	NULL
518.3499999999983	1.0	2.15	1.0	tstay_cstay
520.4999999999983	0.0	0.25	1.0	NULL
520.7499999999983	1.0	2.15	1.0	tstay_cstay
522.8999999999983	0.0	0.75	1.0	NULL
523.6499999999983	3.0	2.15	1.0	tswitch_cswitch
525.7999999999981	0.0	0.75	1.0	NULL
526.5499999999981	3.0	2.15	1.0	tswitch_cswitch
528.6999999999981	0.0	0.75	1.0	NULL
529.4499999999981	2.0	2.15	1.0	tstay_cswitch
531.5999999999982	0.0	0.25	1.0	NULL
531.8499999999982	3.0	2.15	1.0	tswitch_cswitch
533.9999999999982	0.0	0.25	1.0	NULL
534.2499999999982	3.0	2.15	1.0	tswitch_cswitch
536.3999999999982	0.0	0.0	1.0	NULL
536.3999999999982	1.0	2.15	1.0	tstay_cstay
538.5499999999981	0.0	1.5	1.0	NULL
540.0499999999981	3.0	2.15	1.0	tswitch_cswitch
542.1999999999981	0.0	0.25	1.0	NULL
542.4499999999981	3.0	2.15	1.0	tswitch_cswitch
544.5999999999981	0.0	1.5	1.0	NULL
546.0999999999981	3.0	2.15	1.0	tswitch_cswitch
548.2499999999981	0.0	0.5	1.0	NULL
548.7499999999981	2.0	2.15	1.0	tstay_cswitch
550.899999999998	0.0	0.25	1.0	NULL
551.149999999998	3.0	2.15	1.0	tswitch_cswitch
553.299999999998	0.0	0.25	1.0	NULL
553.549999999998	3.0	2.15	1.0	tswitch_cswitch
555.699999999998	0.0	0.25	1.0	NULL
555.949999999998	2.0	2.15	1.0	tstay_cswitch
558.099999999998	0.0	0.75	1.0	NULL
558.849999999998	1.0	2.15	1.0	tstay_cstay
560.9999999999981	0.0	0.0	1.0	NULL
560.9999999999981	1.0	2.15	1.0	tstay_cstay
563.1499999999978	0.0	0.25	1.0	NULL
563.3999999999978	3.0	2.15	1.0	tswitch_cswitch
565.5499999999979	0.0	0.5	1.0	NULL
566.0499999999979	3.0	2.15	1.0	tswitch_cswitch
568.1999999999979	0.0	0.25	1.0	NULL
568.4499999999979	3.0	2.15	1.0	tswitch_cswitch
570.5999999999979	0.0	0.25	1.0	NULL
570.8499999999979	2.0	2.15	1.0	tstay_cswitch
572.9999999999978	0.0	0.25	1.0	NULL
573.2499999999978	2.0	2.15	1.0	tstay_cswitch
575.3999999999978	0.0	0.25	1.0	NULL
575.6499999999978	1.0	2.15	1.0	tstay_cstay
577.7999999999978	0.0	0.75	1.0	NULL
578.5499999999978	1.0	2.15	1.0	tstay_cstay
