23.599999999999998
26.249999999999996
34.199999999999996
39.24999999999999
49.34999999999999
61.09999999999998
82.30000000000001
91.90000000000003
103.90000000000006
109.45000000000007
114.25000000000009
121.9500000000001
124.60000000000011
139.00000000000014
142.65000000000015
145.05000000000015
166.15000000000018
168.55000000000018
173.3500000000002
193.80000000000024
198.60000000000025
214.00000000000028
216.4000000000003
240.65000000000035
243.30000000000035
248.10000000000036
253.15000000000038
255.55000000000038
258.4500000000004
261.35000000000036
267.9000000000003
285.8000000000002
305.75
346.2999999999997
364.59999999999957
372.2999999999995
384.7999999999994
387.19999999999936
394.8999999999993
397.2999999999993
399.94999999999925
410.04999999999916
428.849999999999
460.3999999999987
471.49999999999864
495.6499999999985
503.09999999999843
510.79999999999836
519.4999999999983
522.1499999999983
535.1499999999982
540.1999999999981
563.7999999999979
587.8999999999977
590.2999999999977
605.4499999999975
620.5999999999974
623.4999999999974
640.5499999999972
