2.15
7.699999999999999
17.55
33.3
44.64999999999999
47.29999999999999
52.34999999999999
58.149999999999984
63.44999999999998
65.84999999999998
71.14999999999999
87.30000000000003
89.95000000000003
98.90000000000005
106.35000000000007
110.90000000000008
118.6000000000001
128.4500000000001
136.65000000000012
149.05000000000013
156.75000000000014
165.45000000000016
168.10000000000016
173.15000000000018
175.55000000000018
177.9500000000002
185.6500000000002
190.95000000000022
193.60000000000022
198.40000000000023
204.95000000000024
212.65000000000026
220.10000000000028
226.6500000000003
229.3000000000003
231.7000000000003
237.2500000000003
243.05000000000032
245.70000000000033
251.25000000000034
263.7500000000003
266.15000000000026
269.30000000000024
271.7000000000002
285.4500000000001
303.65000000000003
306.05
310.84999999999997
314.74999999999994
317.3999999999999
324.34999999999985
331.2999999999998
340.4999999999997
345.54999999999967
366.4999999999995
368.89999999999947
372.29999999999944
374.6999999999994
380.2499999999994
385.54999999999933
392.99999999999926
405.09999999999917
417.84999999999906
422.649999999999
454.34999999999883
456.7499999999988
462.04999999999876
470.7499999999987
473.14999999999867
478.1999999999986
488.04999999999853
523.6499999999983
526.5499999999982
531.8499999999982
534.2499999999982
540.0499999999981
542.4499999999981
546.0999999999981
551.149999999998
553.549999999998
563.3999999999979
566.0499999999979
568.4499999999979
