10.6
46.94999999999999
51.749999999999986
54.149999999999984
56.54999999999998
63.74999999999998
72.19999999999999
116.90000000000009
150.60000000000016
163.50000000000017
175.7500000000002
178.1500000000002
183.95000000000022
186.10000000000022
191.40000000000023
209.20000000000027
219.0500000000003
233.70000000000033
250.50000000000037
272.4500000000003
278.0000000000002
310.54999999999995
313.44999999999993
316.5999999999999
367.24999999999955
369.8999999999995
374.6999999999995
407.6499999999992
417.2499999999991
423.54999999999905
448.64999999999884
453.6999999999988
458.24999999999875
463.7999999999987
468.84999999999866
481.09999999999854
498.2999999999985
500.69999999999845
508.1499999999984
513.1999999999983
525.2999999999982
532.9999999999982
537.7999999999981
547.399999999998
566.4499999999979
568.8499999999979
572.2499999999978
579.9499999999978
593.4499999999977
595.8499999999976
600.8999999999976
603.2999999999976
607.5999999999975
612.6499999999975
615.0499999999975
625.6499999999974
633.3499999999973
635.7499999999973
