0.0
2.25
4.75
6.75
15.0
17.75
20.0
22.25
27.75
30.0
32.25
34.5
36.75
39.0
41.25
43.5
45.75
48.0
50.0
52.25
71.25
76.75
79.0
81.25
83.5
85.75
88.0
90.25
92.25
94.75
97.0
102.25
104.5
106.75
111.75
114.0
116.25
118.5
120.75
123.0
125.25
127.5
129.75
132.0
137.75
143.5
152.0
154.5
166.75
169.5
171.5
174.0
176.5
179.25
181.5
184.0
190.25
192.75
195.25
197.5
199.75
202.0
204.75
207.0
211.75
214.0
216.5
218.75
221.0
223.25
225.5
231.25
233.5
236.0
238.5
244.0
248.75
251.0
253.5
256.0
258.25
260.75
263.0
265.25
267.5
272.0
274.25
276.5
282.0
284.25
286.5
288.75
291.0
294.5
296.75
299.0
301.25
306.5
311.25
314.0
316.25
318.75
321.75
334.0
336.25
347.5
350.5
352.75
356.0
358.75
361.25
363.75
366.0
368.0
370.0
374.5
376.5
378.75
384.25
386.75
389.0
391.5
394.5
396.75
398.75
401.0
403.25
406.25
408.75
411.0
416.5
418.75
421.25
424.0
426.25
429.25
431.5
433.75
436.0
438.75
441.0
448.75
451.25
453.5
455.75
458.0
460.25
462.5
466.0
468.5
471.75
476.0
478.25
480.5
483.75
486.0
489.0
502.25
504.5
506.75
509.0
514.75
517.0
519.75
523.0
525.25
527.5
530.0
534.5
537.25
539.75
542.0
544.25
546.75
549.25
552.25
554.5
556.75
563.25
565.5
573.25
575.5
577.75
580.25
582.5
585.25
590.25
592.5
594.75
596.75
599.75
602.0
611.5
614.5
616.75
619.25
621.5
623.75
626.0
630.0
635.0
637.25
639.5
641.75
644.75
647.75
650.0
654.5
657.5
