2.25
13.0
15.5
17.75
20.25
23.0
25.25
27.75
32.25
42.0
46.5
49.0
56.75
70.75
75.75
78.0
85.5
87.75
90.25
95.75
98.0
107.0
111.75
113.75
126.0
134.0
140.25
143.25
147.0
153.5
155.75
162.75
167.5
169.75
172.25
174.75
178.0
187.0
189.25
199.0
201.5
204.25
209.0
211.5
213.75
216.0
223.0
228.75
231.25
233.5
235.75
238.0
255.75
258.0
260.75
265.25
273.0
277.25
282.25
295.0
299.75
301.75
304.5
307.0
309.25
320.5
325.0
327.5
329.75
332.0
336.5
339.25
341.5
343.75
353.0
355.25
357.25
359.5
361.75
365.0
379.75
382.0
387.5
393.0
397.25
404.75
407.0
409.25
411.5
414.5
421.25
423.5
428.0
430.25
440.0
442.25
449.5
454.75
457.25
459.5
462.0
468.75
477.75
480.0
482.5
484.75
486.75
491.25
