0.0
5.0
7.5
9.5
30.0
34.5
36.75
39.25
44.25
52.0
54.5
59.0
61.5
63.5
65.75
68.0
72.75
80.5
83.0
92.75
100.25
102.25
104.75
109.5
129.0
131.25
136.0
138.0
149.0
151.5
158.25
160.5
165.25
180.5
184.25
191.5
193.75
196.25
206.5
218.25
220.5
226.25
240.25
242.75
263.0
267.5
269.75
275.25
279.25
284.5
287.25
290.0
292.0
297.25
311.75
313.75
316.0
318.25
322.75
334.25
346.25
348.5
350.75
367.25
384.25
390.25
395.25
399.5
402.5
416.75
418.75
425.75
432.5
435.0
437.5
445.0
447.25
452.25
464.25
466.5
471.0
473.0
475.5
489.25
