0.0
30.384
39.172
68.364
75.662
164.72800000000004
216.41000000000005
224.00600000000006
231.30400000000006
238.60200000000006
282.68800000000005
327.66800000000006
367.1580000000001
381.4560000000001
396.6480000000001
466.2040000000001
473.2040000000001
487.5020000000001
525.7800000000001
555.5680000000001
620.6540000000001
657.1440000000001
678.7400000000001
716.4220000000001
733.7200000000001
741.3160000000001
785.7000000000002
815.4880000000002
831.2760000000002
852.8720000000002
882.0640000000002
896.6600000000002
918.8520000000002
940.1500000000002
983.3420000000002
