7.298
82.96000000000001
90.25800000000001
98.15200000000002
119.74800000000002
179.02600000000004
209.11200000000005
245.90000000000006
253.49600000000004
305.77400000000006
320.07200000000006
389.3500000000001
511.1840000000001
548.2700000000001
562.5680000000001
577.1640000000001
584.4620000000001
591.7600000000001
598.7600000000001
613.3560000000001
635.2500000000001
649.5480000000001
693.9320000000001
748.6140000000001
763.2100000000002
778.4020000000002
799.9980000000002
807.2960000000002
845.5740000000002
860.1700000000002
867.4680000000002
961.7460000000002
968.7460000000002
998.8320000000002
1035.6200000000001
1049.9180000000001
1080.0040000000001
