0.0	0.0	0.0	1.0	NULL
0.0	3.0	2.5	1.0	td_na
2.5	0.0	0.25	1.0	NULL
2.75	1.0	2.5	1.0	td_same
5.25	0.0	1.25	1.0	NULL
6.5	3.0	2.5	1.0	td_na
9.0	0.0	0.25	1.0	NULL
9.25	1.0	2.5	1.0	td_same
11.75	0.0	0.5	1.0	NULL
12.25	1.0	2.5	1.0	td_same
14.75	0.0	0.25	1.0	NULL
15.0	2.0	2.5	1.0	td_diff
17.5	0.0	0.5	1.0	NULL
18.0	2.0	2.5	1.0	td_diff
20.5	0.0	0.25	1.0	NULL
20.75	2.0	2.5	1.0	td_diff
23.25	0.0	0.25	1.0	NULL
23.5	2.0	2.5	1.0	td_diff
26.0	0.0	0.0	1.0	NULL
26.0	2.0	2.5	1.0	td_diff
28.5	0.0	1.25	1.0	NULL
29.75	1.0	2.5	1.0	td_same
32.25	0.0	0.25	1.0	NULL
32.5	2.0	2.5	1.0	td_diff
35.0	0.0	1.0	1.0	NULL
36.0	3.0	2.5	1.0	td_na
38.5	0.0	0.25	1.0	NULL
38.75	1.0	2.5	1.0	td_same
41.25	0.0	0.25	1.0	NULL
41.5	1.0	2.5	1.0	td_same
44.0	0.0	0.25	1.0	NULL
44.25	2.0	2.5	1.0	td_diff
46.75	0.0	1.25	1.0	NULL
48.0	1.0	2.5	1.0	td_same
50.5	0.0	0.5	1.0	NULL
51.0	3.0	2.5	1.0	td_na
53.5	0.0	0.25	1.0	NULL
53.75	1.0	2.5	1.0	td_same
56.25	0.0	0.5	1.0	NULL
56.75	1.0	2.5	1.0	td_same
59.25	0.0	0.75	1.0	NULL
60.0	1.0	2.5	1.0	td_same
62.5	0.0	0.25	1.0	NULL
62.75	2.0	2.5	1.0	td_diff
65.25	0.0	0.25	1.0	NULL
65.5	2.0	2.5	1.0	td_diff
68.0	0.0	0.25	1.0	NULL
68.25	1.0	2.5	1.0	td_same
70.75	0.0	0.25	1.0	NULL
71.0	3.0	2.5	1.0	td_na
73.5	0.0	0.0	1.0	NULL
73.5	1.0	2.5	1.0	td_same
76.0	0.0	0.5	1.0	NULL
76.5	1.0	2.5	1.0	td_same
79.0	0.0	0.25	1.0	NULL
79.25	1.0	2.5	1.0	td_same
81.75	0.0	0.25	1.0	NULL
82.0	2.0	2.5	1.0	td_diff
84.5	0.0	0.5	1.0	NULL
85.0	3.0	2.5	1.0	td_na
87.5	0.0	0.25	1.0	NULL
87.75	2.0	2.5	1.0	td_diff
90.25	0.0	0.5	1.0	NULL
90.75	2.0	2.5	1.0	td_diff
93.25	0.0	0.5	1.0	NULL
93.75	2.0	2.5	1.0	td_diff
96.25	0.0	0.25	1.0	NULL
96.5	3.0	2.5	1.0	td_na
99.0	0.0	0.25	1.0	NULL
99.25	1.0	2.5	1.0	td_same
101.75	0.0	0.5	1.0	NULL
102.25	2.0	2.5	1.0	td_diff
104.75	0.0	0.25	1.0	NULL
105.0	1.0	2.5	1.0	td_same
107.5	0.0	0.25	1.0	NULL
107.75	2.0	2.5	1.0	td_diff
110.25	0.0	0.25	1.0	NULL
110.5	2.0	2.5	1.0	td_diff
113.0	0.0	0.25	1.0	NULL
113.25	2.0	2.5	1.0	td_diff
115.75	0.0	0.0	1.0	NULL
115.75	3.0	2.5	1.0	td_na
118.25	0.0	0.25	1.0	NULL
118.5	2.0	2.5	1.0	td_diff
131.0	0.0	0.25	1.0	NULL
131.25	3.0	2.5	1.0	td_na
133.75	0.0	0.5	1.0	NULL
134.25	3.0	2.5	1.0	td_na
136.75	0.0	0.5	1.0	NULL
137.25	2.0	2.5	1.0	td_diff
139.75	0.0	0.25	1.0	NULL
140.0	2.0	2.5	1.0	td_diff
142.5	0.0	0.5	1.0	NULL
143.0	1.0	2.5	1.0	td_same
145.5	0.0	0.75	1.0	NULL
146.25	2.0	2.5	1.0	td_diff
148.75	0.0	0.25	1.0	NULL
149.0	2.0	2.5	1.0	td_diff
151.5	0.0	0.75	1.0	NULL
152.25	1.0	2.5	1.0	td_same
154.75	0.0	0.75	1.0	NULL
155.5	2.0	2.5	1.0	td_diff
158.0	0.0	0.0	1.0	NULL
158.0	2.0	2.5	1.0	td_diff
160.5	0.0	0.5	1.0	NULL
161.0	3.0	2.5	1.0	td_na
163.5	0.0	0.5	1.0	NULL
164.0	3.0	2.5	1.0	td_na
166.5	0.0	0.75	1.0	NULL
167.25	2.0	2.5	1.0	td_diff
169.75	0.0	0.25	1.0	NULL
170.0	2.0	2.5	1.0	td_diff
172.5	0.0	0.0	1.0	NULL
172.5	1.0	2.5	1.0	td_same
175.0	0.0	0.25	1.0	NULL
175.25	3.0	2.5	1.0	td_na
177.75	0.0	0.0	1.0	NULL
177.75	1.0	2.5	1.0	td_same
180.25	0.0	0.25	1.0	NULL
180.5	1.0	2.5	1.0	td_same
183.0	0.0	0.0	1.0	NULL
183.0	2.0	2.5	1.0	td_diff
185.5	0.0	0.25	1.0	NULL
185.75	3.0	2.5	1.0	td_na
188.25	0.0	0.25	1.0	NULL
188.5	1.0	2.5	1.0	td_same
191.0	0.0	0.5	1.0	NULL
191.5	2.0	2.5	1.0	td_diff
194.0	0.0	0.25	1.0	NULL
194.25	3.0	2.5	1.0	td_na
196.75	0.0	0.75	1.0	NULL
197.5	2.0	2.5	1.0	td_diff
200.0	0.0	0.75	1.0	NULL
200.75	2.0	2.5	1.0	td_diff
203.25	0.0	0.5	1.0	NULL
203.75	1.0	2.5	1.0	td_same
206.25	0.0	0.25	1.0	NULL
206.5	1.0	2.5	1.0	td_same
209.0	0.0	0.25	1.0	NULL
209.25	1.0	2.5	1.0	td_same
211.75	0.0	0.5	1.0	NULL
212.25	1.0	2.5	1.0	td_same
214.75	0.0	1.5	1.0	NULL
216.25	1.0	2.5	1.0	td_same
218.75	0.0	0.75	1.0	NULL
219.5	3.0	2.5	1.0	td_na
222.0	0.0	0.25	1.0	NULL
222.25	2.0	2.5	1.0	td_diff
224.75	0.0	0.75	1.0	NULL
225.5	2.0	2.5	1.0	td_diff
228.0	0.0	0.5	1.0	NULL
228.5	1.0	2.5	1.0	td_same
231.0	0.0	0.25	1.0	NULL
231.25	3.0	2.5	1.0	td_na
233.75	0.0	0.25	1.0	NULL
234.0	1.0	2.5	1.0	td_same
236.5	0.0	0.25	1.0	NULL
236.75	2.0	2.5	1.0	td_diff
239.25	0.0	0.0	1.0	NULL
239.25	1.0	2.5	1.0	td_same
241.75	0.0	0.25	1.0	NULL
242.0	3.0	2.5	1.0	td_na
244.5	0.0	0.75	1.0	NULL
245.25	1.0	2.5	1.0	td_same
247.75	0.0	0.25	1.0	NULL
248.0	2.0	2.5	1.0	td_diff
250.5	0.0	0.5	1.0	NULL
251.0	3.0	2.5	1.0	td_na
263.5	0.0	0.25	1.0	NULL
263.75	1.0	2.5	1.0	td_same
266.25	0.0	0.5	1.0	NULL
266.75	2.0	2.5	1.0	td_diff
269.25	0.0	0.5	1.0	NULL
269.75	3.0	2.5	1.0	td_na
272.25	0.0	0.25	1.0	NULL
272.5	1.0	2.5	1.0	td_same
275.0	0.0	0.25	1.0	NULL
275.25	1.0	2.5	1.0	td_same
277.75	0.0	0.25	1.0	NULL
278.0	1.0	2.5	1.0	td_same
280.5	0.0	0.25	1.0	NULL
280.75	1.0	2.5	1.0	td_same
283.25	0.0	0.0	1.0	NULL
283.25	1.0	2.5	1.0	td_same
285.75	0.0	0.25	1.0	NULL
286.0	2.0	2.5	1.0	td_diff
288.5	0.0	0.25	1.0	NULL
288.75	2.0	2.5	1.0	td_diff
291.25	0.0	0.5	1.0	NULL
291.75	2.0	2.5	1.0	td_diff
294.25	0.0	1.0	1.0	NULL
295.25	1.0	2.5	1.0	td_same
297.75	0.0	0.25	1.0	NULL
298.0	1.0	2.5	1.0	td_same
300.5	0.0	0.5	1.0	NULL
301.0	2.0	2.5	1.0	td_diff
303.5	0.0	0.75	1.0	NULL
304.25	2.0	2.5	1.0	td_diff
306.75	0.0	0.25	1.0	NULL
307.0	1.0	2.5	1.0	td_same
309.5	0.0	0.25	1.0	NULL
309.75	2.0	2.5	1.0	td_diff
312.25	0.0	0.5	1.0	NULL
312.75	3.0	2.5	1.0	td_na
315.25	0.0	0.25	1.0	NULL
315.5	1.0	2.5	1.0	td_same
318.0	0.0	1.0	1.0	NULL
319.0	2.0	2.5	1.0	td_diff
321.5	0.0	1.0	1.0	NULL
322.5	3.0	2.5	1.0	td_na
325.0	0.0	0.5	1.0	NULL
325.5	3.0	2.5	1.0	td_na
328.0	0.0	0.25	1.0	NULL
328.25	3.0	2.5	1.0	td_na
330.75	0.0	0.25	1.0	NULL
331.0	2.0	2.5	1.0	td_diff
333.5	0.0	0.5	1.0	NULL
334.0	3.0	2.5	1.0	td_na
336.5	0.0	0.25	1.0	NULL
336.75	3.0	2.5	1.0	td_na
339.25	0.0	0.5	1.0	NULL
339.75	1.0	2.5	1.0	td_same
342.25	0.0	0.25	1.0	NULL
342.5	2.0	2.5	1.0	td_diff
345.0	0.0	1.25	1.0	NULL
346.25	2.0	2.5	1.0	td_diff
348.75	0.0	0.0	1.0	NULL
348.75	1.0	2.5	1.0	td_same
351.25	0.0	0.5	1.0	NULL
351.75	2.0	2.5	1.0	td_diff
354.25	0.0	0.25	1.0	NULL
354.5	2.0	2.5	1.0	td_diff
357.0	0.0	0.25	1.0	NULL
357.25	1.0	2.5	1.0	td_same
359.75	0.0	0.75	1.0	NULL
360.5	2.0	2.5	1.0	td_diff
363.0	0.0	0.25	1.0	NULL
363.25	1.0	2.5	1.0	td_same
365.75	0.0	0.25	1.0	NULL
366.0	1.0	2.5	1.0	td_same
368.5	0.0	1.25	1.0	NULL
369.75	3.0	2.5	1.0	td_na
372.25	0.0	0.0	1.0	NULL
372.25	3.0	2.5	1.0	td_na
374.75	0.0	0.5	1.0	NULL
375.25	1.0	2.5	1.0	td_same
377.75	0.0	1.0	1.0	NULL
378.75	3.0	2.5	1.0	td_na
381.25	0.0	0.25	1.0	NULL
381.5	1.0	2.5	1.0	td_same
384.0	0.0	0.25	1.0	NULL
384.25	2.0	2.5	1.0	td_diff
396.75	0.0	1.5	1.0	NULL
398.25	3.0	2.5	1.0	td_na
400.75	0.0	0.75	1.0	NULL
401.5	2.0	2.5	1.0	td_diff
404.0	0.0	0.0	1.0	NULL
404.0	2.0	2.5	1.0	td_diff
406.5	0.0	0.5	1.0	NULL
407.0	2.0	2.5	1.0	td_diff
409.5	0.0	0.5	1.0	NULL
410.0	3.0	2.5	1.0	td_na
412.5	0.0	0.5	1.0	NULL
413.0	1.0	2.5	1.0	td_same
415.5	0.0	0.25	1.0	NULL
415.75	1.0	2.5	1.0	td_same
418.25	0.0	0.75	1.0	NULL
419.0	2.0	2.5	1.0	td_diff
421.5	0.0	0.75	1.0	NULL
422.25	2.0	2.5	1.0	td_diff
424.75	0.0	0.25	1.0	NULL
425.0	1.0	2.5	1.0	td_same
427.5	0.0	0.25	1.0	NULL
427.75	2.0	2.5	1.0	td_diff
430.25	0.0	0.25	1.0	NULL
430.5	2.0	2.5	1.0	td_diff
433.0	0.0	0.5	1.0	NULL
433.5	3.0	2.5	1.0	td_na
436.0	0.0	1.0	1.0	NULL
437.0	2.0	2.5	1.0	td_diff
439.5	0.0	0.25	1.0	NULL
439.75	3.0	2.5	1.0	td_na
442.25	0.0	1.0	1.0	NULL
443.25	2.0	2.5	1.0	td_diff
445.75	0.0	0.75	1.0	NULL
446.5	2.0	2.5	1.0	td_diff
449.0	0.0	0.25	1.0	NULL
449.25	2.0	2.5	1.0	td_diff
451.75	0.0	0.0	1.0	NULL
451.75	1.0	2.5	1.0	td_same
454.25	0.0	0.0	1.0	NULL
454.25	1.0	2.5	1.0	td_same
456.75	0.0	0.5	1.0	NULL
457.25	3.0	2.5	1.0	td_na
459.75	0.0	0.25	1.0	NULL
460.0	3.0	2.5	1.0	td_na
462.5	0.0	0.0	1.0	NULL
462.5	2.0	2.5	1.0	td_diff
465.0	0.0	0.25	1.0	NULL
465.25	2.0	2.5	1.0	td_diff
467.75	0.0	0.25	1.0	NULL
468.0	2.0	2.5	1.0	td_diff
470.5	0.0	0.25	1.0	NULL
470.75	2.0	2.5	1.0	td_diff
473.25	0.0	0.0	1.0	NULL
473.25	3.0	2.5	1.0	td_na
475.75	0.0	1.0	1.0	NULL
476.75	2.0	2.5	1.0	td_diff
479.25	0.0	0.25	1.0	NULL
479.5	2.0	2.5	1.0	td_diff
482.0	0.0	0.0	1.0	NULL
482.0	2.0	2.5	1.0	td_diff
484.5	0.0	0.5	1.0	NULL
485.0	3.0	2.5	1.0	td_na
487.5	0.0	0.25	1.0	NULL
487.75	2.0	2.5	1.0	td_diff
490.25	0.0	0.25	1.0	NULL
490.5	2.0	2.5	1.0	td_diff
493.0	0.0	0.5	1.0	NULL
493.5	2.0	2.5	1.0	td_diff
496.0	0.0	0.5	1.0	NULL
496.5	2.0	2.5	1.0	td_diff
499.0	0.0	1.25	1.0	NULL
500.25	1.0	2.5	1.0	td_same
502.75	0.0	0.5	1.0	NULL
503.25	2.0	2.5	1.0	td_diff
505.75	0.0	0.5	1.0	NULL
506.25	1.0	2.5	1.0	td_same
508.75	0.0	0.5	1.0	NULL
509.25	3.0	2.5	1.0	td_na
511.75	0.0	0.0	1.0	NULL
511.75	2.0	2.5	1.0	td_diff
514.25	0.0	0.5	1.0	NULL
514.75	3.0	2.5	1.0	td_na
517.25	0.0	0.25	1.0	NULL
517.5	3.0	2.5	1.0	td_na
