3.5
26.0
28.75
34.75
59.0
62.0
89.0
95.25
114.75
121.5
132.75
135.75
154.0
156.75
162.75
175.75
181.0
187.5
194.0
197.25
200.0
214.75
221.0
224.0
228.5
231.25
243.25
251.25
254.0
262.5
265.25
268.25
295.75
298.5
301.25
305.25
307.75
322.25
328.75
334.5
358.0
360.75
371.75
391.25
394.25
404.0
407.0
410.75
413.25
421.5
427.25
441.25
444.0
446.75
449.5
455.25
462.0
465.0
467.75
470.5
486.25
492.0
495.0
500.5
506.5
509.5
517.75
541.5
547.75
550.75
553.25
556.0
561.75
564.75
575.0
583.5
593.0
597.0
599.75
620.5
640.5
644.0
651.0
653.75
677.25
696.0
699.0
