0.0	0.0	0.0	1.0	NULL
0.0	4.0	2.0	1.0	stop_incongruent
2.0	0.0	0.596	1.0	NULL
2.596	4.0	2.0	1.0	stop_incongruent
4.596	0.0	0.298	1.0	NULL
4.894	4.0	2.0	1.0	stop_incongruent
6.894	0.0	0.0	1.0	NULL
6.894	1.0	2.0	1.0	go_congruent
8.894	0.0	0.0	1.0	NULL
8.894	1.0	2.0	1.0	go_congruent
10.894	0.0	0.298	1.0	NULL
11.192	3.0	2.0	1.0	stop_congruent
13.192	0.0	0.596	1.0	NULL
13.788	2.0	2.0	1.0	go_incongruent
15.788	0.0	0.596	1.0	NULL
16.384	2.0	2.0	1.0	go_incongruent
18.384	0.0	2.384	1.0	NULL
20.768	2.0	2.0	1.0	go_incongruent
22.768000000000008	0.0	0.298	1.0	NULL
23.066000000000006	1.0	2.0	1.0	go_congruent
25.066000000000006	0.0	0.298	1.0	NULL
25.364000000000004	2.0	2.0	1.0	go_incongruent
27.364000000000008	0.0	0.8939999999999999	1.0	NULL
28.258000000000006	1.0	2.0	1.0	go_congruent
30.258000000000006	0.0	0.298	1.0	NULL
30.556000000000004	2.0	2.0	1.0	go_incongruent
32.556000000000004	0.0	0.596	1.0	NULL
33.152	1.0	2.0	1.0	go_congruent
35.152000000000015	0.0	0.596	1.0	NULL
35.74800000000001	1.0	2.0	1.0	go_congruent
37.748000000000005	0.0	0.298	1.0	NULL
38.04600000000001	1.0	2.0	1.0	go_congruent
40.04600000000001	0.0	0.298	1.0	NULL
40.34400000000001	1.0	2.0	1.0	go_congruent
42.344000000000015	0.0	0.596	1.0	NULL
42.94000000000001	3.0	2.0	1.0	stop_congruent
44.94000000000001	0.0	0.8939999999999999	1.0	NULL
45.83400000000001	1.0	2.0	1.0	go_congruent
47.83400000000001	0.0	0.0	1.0	NULL
47.83400000000001	1.0	2.0	1.0	go_congruent
49.83400000000001	0.0	0.298	1.0	NULL
50.13200000000001	4.0	2.0	1.0	stop_incongruent
52.13200000000002	0.0	0.298	1.0	NULL
52.43000000000002	4.0	2.0	1.0	stop_incongruent
54.430000000000014	0.0	0.298	1.0	NULL
54.728000000000016	2.0	2.0	1.0	go_incongruent
56.728000000000016	0.0	0.298	1.0	NULL
57.02600000000002	2.0	2.0	1.0	go_incongruent
59.02600000000002	0.0	0.0	1.0	NULL
59.02600000000002	2.0	2.0	1.0	go_incongruent
61.02600000000002	0.0	0.298	1.0	NULL
61.32400000000002	1.0	2.0	1.0	go_congruent
63.32400000000002	0.0	0.596	1.0	NULL
63.920000000000016	4.0	2.0	1.0	stop_incongruent
65.92000000000002	0.0	0.8939999999999999	1.0	NULL
66.81400000000002	3.0	2.0	1.0	stop_congruent
68.81400000000002	0.0	1.49	1.0	NULL
70.30400000000002	3.0	2.0	1.0	stop_congruent
72.30400000000002	0.0	0.298	1.0	NULL
72.60200000000002	4.0	2.0	1.0	stop_incongruent
74.60200000000002	0.0	0.596	1.0	NULL
75.19800000000002	4.0	2.0	1.0	stop_incongruent
77.19800000000002	0.0	0.298	1.0	NULL
77.49600000000002	4.0	2.0	1.0	stop_incongruent
79.49600000000002	0.0	0.298	1.0	NULL
79.79400000000003	3.0	2.0	1.0	stop_congruent
81.79400000000003	0.0	1.7879999999999998	1.0	NULL
83.58200000000002	2.0	2.0	1.0	go_incongruent
85.58200000000004	0.0	0.596	1.0	NULL
86.17800000000004	1.0	2.0	1.0	go_congruent
88.17800000000004	0.0	0.596	1.0	NULL
88.77400000000004	4.0	2.0	1.0	stop_incongruent
90.77400000000003	0.0	0.298	1.0	NULL
91.07200000000003	1.0	2.0	1.0	go_congruent
93.07200000000003	0.0	0.298	1.0	NULL
93.37000000000003	1.0	2.0	1.0	go_congruent
95.37000000000003	0.0	0.0	1.0	NULL
95.37000000000003	2.0	2.0	1.0	go_incongruent
97.37000000000003	0.0	0.596	1.0	NULL
97.96600000000004	1.0	2.0	1.0	go_congruent
99.96600000000004	0.0	0.298	1.0	NULL
100.26400000000004	4.0	2.0	1.0	stop_incongruent
102.26400000000004	0.0	1.49	1.0	NULL
103.75400000000003	4.0	2.0	1.0	stop_incongruent
105.75400000000003	0.0	0.298	1.0	NULL
106.05200000000004	1.0	2.0	1.0	go_congruent
108.05200000000004	0.0	0.8939999999999999	1.0	NULL
108.94600000000004	2.0	2.0	1.0	go_incongruent
110.94600000000004	0.0	0.0	1.0	NULL
110.94600000000004	1.0	2.0	1.0	go_congruent
112.94600000000003	0.0	0.8939999999999999	1.0	NULL
113.84000000000003	1.0	2.0	1.0	go_congruent
115.84000000000003	0.0	0.8939999999999999	1.0	NULL
116.73400000000004	4.0	2.0	1.0	stop_incongruent
118.73400000000004	0.0	0.298	1.0	NULL
119.03200000000004	4.0	2.0	1.0	stop_incongruent
121.03200000000005	0.0	0.298	1.0	NULL
121.33000000000006	4.0	2.0	1.0	stop_incongruent
123.33000000000006	0.0	0.298	1.0	NULL
123.62800000000006	2.0	2.0	1.0	go_incongruent
125.62800000000006	0.0	0.298	1.0	NULL
125.92600000000006	1.0	2.0	1.0	go_congruent
127.92600000000004	0.0	0.0	1.0	NULL
127.92600000000004	4.0	2.0	1.0	stop_incongruent
129.92600000000004	0.0	1.192	1.0	NULL
131.11800000000005	2.0	2.0	1.0	go_incongruent
133.11800000000005	0.0	0.596	1.0	NULL
133.71400000000006	4.0	2.0	1.0	stop_incongruent
135.71400000000006	0.0	0.0	1.0	NULL
135.71400000000006	1.0	2.0	1.0	go_congruent
137.71400000000006	0.0	0.8939999999999999	1.0	NULL
138.60800000000006	4.0	2.0	1.0	stop_incongruent
140.60800000000006	0.0	0.298	1.0	NULL
140.90600000000006	1.0	2.0	1.0	go_congruent
142.90600000000006	0.0	0.298	1.0	NULL
143.20400000000006	4.0	2.0	1.0	stop_incongruent
145.20400000000006	0.0	0.0	1.0	NULL
145.20400000000006	1.0	2.0	1.0	go_congruent
147.2040000000001	0.0	0.298	1.0	NULL
147.5020000000001	1.0	2.0	1.0	go_congruent
159.5020000000001	0.0	0.298	1.0	NULL
159.8000000000001	1.0	2.0	1.0	go_congruent
161.8000000000001	0.0	0.298	1.0	NULL
162.0980000000001	4.0	2.0	1.0	stop_incongruent
164.0980000000001	0.0	1.192	1.0	NULL
165.2900000000001	1.0	2.0	1.0	go_congruent
167.2900000000001	0.0	0.596	1.0	NULL
167.8860000000001	2.0	2.0	1.0	go_incongruent
169.8860000000001	0.0	0.0	1.0	NULL
169.8860000000001	3.0	2.0	1.0	stop_congruent
171.88600000000008	0.0	1.192	1.0	NULL
173.0780000000001	1.0	2.0	1.0	go_congruent
175.0780000000001	0.0	0.298	1.0	NULL
175.3760000000001	2.0	2.0	1.0	go_incongruent
177.37600000000006	0.0	0.596	1.0	NULL
177.97200000000007	1.0	2.0	1.0	go_congruent
179.97200000000007	0.0	1.192	1.0	NULL
181.16400000000007	4.0	2.0	1.0	stop_incongruent
183.16400000000007	0.0	0.298	1.0	NULL
183.46200000000007	2.0	2.0	1.0	go_incongruent
185.46200000000007	0.0	0.8939999999999999	1.0	NULL
186.35600000000008	3.0	2.0	1.0	stop_congruent
188.35600000000008	0.0	0.8939999999999999	1.0	NULL
189.25000000000009	2.0	2.0	1.0	go_incongruent
191.25000000000009	0.0	0.596	1.0	NULL
191.8460000000001	2.0	2.0	1.0	go_incongruent
193.84600000000006	0.0	0.298	1.0	NULL
194.14400000000006	2.0	2.0	1.0	go_incongruent
196.14400000000006	0.0	0.596	1.0	NULL
196.74000000000007	4.0	2.0	1.0	stop_incongruent
198.74000000000012	0.0	0.8939999999999999	1.0	NULL
199.63400000000013	3.0	2.0	1.0	stop_congruent
201.6340000000001	0.0	0.596	1.0	NULL
202.2300000000001	1.0	2.0	1.0	go_congruent
204.2300000000001	0.0	0.298	1.0	NULL
204.5280000000001	2.0	2.0	1.0	go_incongruent
206.5280000000001	0.0	0.0	1.0	NULL
206.5280000000001	1.0	2.0	1.0	go_congruent
208.5280000000001	0.0	0.298	1.0	NULL
208.8260000000001	2.0	2.0	1.0	go_incongruent
210.8260000000001	0.0	0.8939999999999999	1.0	NULL
211.7200000000001	4.0	2.0	1.0	stop_incongruent
213.7200000000001	0.0	0.298	1.0	NULL
214.01800000000011	1.0	2.0	1.0	go_congruent
216.01800000000011	0.0	0.8939999999999999	1.0	NULL
216.91200000000012	4.0	2.0	1.0	stop_incongruent
218.91200000000012	0.0	0.596	1.0	NULL
219.50800000000012	2.0	2.0	1.0	go_incongruent
221.50800000000012	0.0	0.298	1.0	NULL
221.80600000000013	1.0	2.0	1.0	go_congruent
223.80600000000013	0.0	0.0	1.0	NULL
223.80600000000013	4.0	2.0	1.0	stop_incongruent
225.80600000000015	0.0	0.596	1.0	NULL
226.40200000000016	2.0	2.0	1.0	go_incongruent
228.40200000000016	0.0	0.298	1.0	NULL
228.70000000000016	3.0	2.0	1.0	stop_congruent
230.70000000000016	0.0	0.298	1.0	NULL
230.99800000000016	1.0	2.0	1.0	go_congruent
232.99800000000013	0.0	1.49	1.0	NULL
234.48800000000014	2.0	2.0	1.0	go_incongruent
236.48800000000014	0.0	1.192	1.0	NULL
237.68000000000015	4.0	2.0	1.0	stop_incongruent
239.68000000000015	0.0	0.298	1.0	NULL
239.97800000000015	1.0	2.0	1.0	go_congruent
241.97800000000015	0.0	0.0	1.0	NULL
241.97800000000015	2.0	2.0	1.0	go_incongruent
243.97800000000015	0.0	0.298	1.0	NULL
244.27600000000015	2.0	2.0	1.0	go_incongruent
246.27600000000015	0.0	0.298	1.0	NULL
246.57400000000015	1.0	2.0	1.0	go_congruent
248.57400000000015	0.0	0.298	1.0	NULL
248.87200000000016	1.0	2.0	1.0	go_congruent
250.87200000000018	0.0	0.596	1.0	NULL
251.4680000000002	1.0	2.0	1.0	go_congruent
253.4680000000002	0.0	0.298	1.0	NULL
253.7660000000002	4.0	2.0	1.0	stop_incongruent
255.7660000000002	0.0	0.298	1.0	NULL
256.0640000000002	1.0	2.0	1.0	go_congruent
258.0640000000002	0.0	0.298	1.0	NULL
258.3620000000002	4.0	2.0	1.0	stop_incongruent
260.3620000000002	0.0	0.298	1.0	NULL
260.6600000000002	2.0	2.0	1.0	go_incongruent
262.6600000000002	0.0	0.596	1.0	NULL
263.2560000000002	4.0	2.0	1.0	stop_incongruent
265.2560000000002	0.0	0.8939999999999999	1.0	NULL
266.1500000000002	4.0	2.0	1.0	stop_incongruent
268.1500000000002	0.0	0.298	1.0	NULL
268.4480000000002	4.0	2.0	1.0	stop_incongruent
270.4480000000002	0.0	0.596	1.0	NULL
271.0440000000002	3.0	2.0	1.0	stop_congruent
273.0440000000002	0.0	0.298	1.0	NULL
273.3420000000002	1.0	2.0	1.0	go_congruent
275.3420000000002	0.0	0.298	1.0	NULL
275.6400000000002	3.0	2.0	1.0	stop_congruent
277.6400000000002	0.0	0.298	1.0	NULL
277.9380000000002	1.0	2.0	1.0	go_congruent
279.93800000000016	0.0	1.192	1.0	NULL
281.13000000000017	2.0	2.0	1.0	go_incongruent
283.13000000000017	0.0	0.298	1.0	NULL
283.42800000000017	1.0	2.0	1.0	go_congruent
285.4280000000003	0.0	1.192	1.0	NULL
286.6200000000003	3.0	2.0	1.0	stop_congruent
288.6200000000003	0.0	0.596	1.0	NULL
289.2160000000003	1.0	2.0	1.0	go_congruent
291.2160000000003	0.0	0.298	1.0	NULL
291.5140000000003	4.0	2.0	1.0	stop_incongruent
293.51400000000024	0.0	0.596	1.0	NULL
294.11000000000024	1.0	2.0	1.0	go_congruent
296.11000000000024	0.0	1.192	1.0	NULL
297.30200000000025	4.0	2.0	1.0	stop_incongruent
299.30200000000025	0.0	0.0	1.0	NULL
299.30200000000025	2.0	2.0	1.0	go_incongruent
301.30200000000025	0.0	0.0	1.0	NULL
301.30200000000025	3.0	2.0	1.0	stop_congruent
303.30200000000025	0.0	0.0	1.0	NULL
303.30200000000025	4.0	2.0	1.0	stop_incongruent
305.30200000000025	0.0	0.298	1.0	NULL
305.60000000000025	4.0	2.0	1.0	stop_incongruent
307.60000000000025	0.0	0.298	1.0	NULL
307.89800000000025	1.0	2.0	1.0	go_congruent
319.89800000000025	0.0	0.596	1.0	NULL
320.49400000000026	4.0	2.0	1.0	stop_incongruent
322.49400000000026	0.0	0.298	1.0	NULL
322.79200000000026	4.0	2.0	1.0	stop_incongruent
324.79200000000026	0.0	0.298	1.0	NULL
325.09000000000026	1.0	2.0	1.0	go_congruent
327.09000000000026	0.0	0.298	1.0	NULL
327.38800000000026	1.0	2.0	1.0	go_congruent
329.38800000000026	0.0	0.0	1.0	NULL
329.38800000000026	4.0	2.0	1.0	stop_incongruent
331.38800000000026	0.0	0.596	1.0	NULL
331.98400000000026	3.0	2.0	1.0	stop_congruent
333.98400000000026	0.0	0.596	1.0	NULL
334.58000000000027	3.0	2.0	1.0	stop_congruent
336.58000000000027	0.0	0.298	1.0	NULL
336.87800000000027	1.0	2.0	1.0	go_congruent
338.87800000000027	0.0	1.192	1.0	NULL
340.0700000000003	2.0	2.0	1.0	go_incongruent
342.0700000000003	0.0	0.0	1.0	NULL
342.0700000000003	1.0	2.0	1.0	go_congruent
344.0700000000003	0.0	0.596	1.0	NULL
344.6660000000003	2.0	2.0	1.0	go_incongruent
346.6660000000003	0.0	0.596	1.0	NULL
347.2620000000003	4.0	2.0	1.0	stop_incongruent
349.2620000000003	0.0	0.0	1.0	NULL
349.2620000000003	4.0	2.0	1.0	stop_incongruent
351.2620000000003	0.0	0.298	1.0	NULL
351.5600000000003	4.0	2.0	1.0	stop_incongruent
353.5600000000003	0.0	0.298	1.0	NULL
353.8580000000003	4.0	2.0	1.0	stop_incongruent
355.8580000000003	0.0	0.0	1.0	NULL
355.8580000000003	4.0	2.0	1.0	stop_incongruent
357.8580000000003	0.0	0.596	1.0	NULL
358.4540000000003	1.0	2.0	1.0	go_congruent
360.4540000000003	0.0	0.0	1.0	NULL
360.4540000000003	2.0	2.0	1.0	go_incongruent
362.4540000000003	0.0	0.298	1.0	NULL
362.7520000000003	4.0	2.0	1.0	stop_incongruent
364.7520000000003	0.0	0.298	1.0	NULL
365.0500000000003	4.0	2.0	1.0	stop_incongruent
367.0500000000003	0.0	0.596	1.0	NULL
367.6460000000003	4.0	2.0	1.0	stop_incongruent
369.6460000000003	0.0	0.298	1.0	NULL
369.9440000000003	3.0	2.0	1.0	stop_congruent
371.9440000000003	0.0	0.298	1.0	NULL
372.2420000000003	2.0	2.0	1.0	go_incongruent
374.2420000000003	0.0	0.8939999999999999	1.0	NULL
375.1360000000003	1.0	2.0	1.0	go_congruent
377.1360000000003	0.0	0.596	1.0	NULL
377.7320000000003	2.0	2.0	1.0	go_incongruent
379.7320000000003	0.0	0.8939999999999999	1.0	NULL
380.6260000000003	4.0	2.0	1.0	stop_incongruent
382.6260000000003	0.0	0.596	1.0	NULL
383.2220000000003	2.0	2.0	1.0	go_incongruent
385.2220000000003	0.0	0.298	1.0	NULL
385.5200000000003	4.0	2.0	1.0	stop_incongruent
387.5200000000003	0.0	0.298	1.0	NULL
387.8180000000003	4.0	2.0	1.0	stop_incongruent
389.8180000000003	0.0	0.8939999999999999	1.0	NULL
390.71200000000033	3.0	2.0	1.0	stop_congruent
392.7120000000003	0.0	0.8939999999999999	1.0	NULL
393.6060000000003	4.0	2.0	1.0	stop_incongruent
395.6060000000003	0.0	0.0	1.0	NULL
395.6060000000003	1.0	2.0	1.0	go_congruent
397.6060000000003	0.0	0.8939999999999999	1.0	NULL
398.5000000000003	3.0	2.0	1.0	stop_congruent
400.5000000000003	0.0	0.596	1.0	NULL
401.0960000000003	4.0	2.0	1.0	stop_incongruent
403.0960000000004	0.0	0.298	1.0	NULL
403.3940000000004	3.0	2.0	1.0	stop_congruent
405.3940000000004	0.0	0.298	1.0	NULL
405.6920000000004	4.0	2.0	1.0	stop_incongruent
407.6920000000004	0.0	0.298	1.0	NULL
407.9900000000004	2.0	2.0	1.0	go_incongruent
409.99000000000035	0.0	0.596	1.0	NULL
410.58600000000035	2.0	2.0	1.0	go_incongruent
412.58600000000035	0.0	0.298	1.0	NULL
412.88400000000036	2.0	2.0	1.0	go_incongruent
414.88400000000036	0.0	0.8939999999999999	1.0	NULL
415.77800000000036	4.0	2.0	1.0	stop_incongruent
417.77800000000036	0.0	1.49	1.0	NULL
419.26800000000037	4.0	2.0	1.0	stop_incongruent
421.26800000000037	0.0	0.298	1.0	NULL
421.5660000000004	1.0	2.0	1.0	go_congruent
423.5660000000004	0.0	0.298	1.0	NULL
423.8640000000004	4.0	2.0	1.0	stop_incongruent
425.8640000000004	0.0	0.298	1.0	NULL
426.1620000000004	3.0	2.0	1.0	stop_congruent
428.1620000000004	0.0	0.298	1.0	NULL
428.4600000000004	1.0	2.0	1.0	go_congruent
430.4600000000004	0.0	0.596	1.0	NULL
431.0560000000004	2.0	2.0	1.0	go_incongruent
433.0560000000004	0.0	1.192	1.0	NULL
434.2480000000004	3.0	2.0	1.0	stop_congruent
436.2480000000004	0.0	0.0	1.0	NULL
436.2480000000004	3.0	2.0	1.0	stop_congruent
438.2480000000004	0.0	0.298	1.0	NULL
438.5460000000004	1.0	2.0	1.0	go_congruent
440.5460000000004	0.0	0.596	1.0	NULL
441.1420000000004	1.0	2.0	1.0	go_congruent
443.1420000000004	0.0	0.298	1.0	NULL
443.4400000000004	1.0	2.0	1.0	go_congruent
445.4400000000004	0.0	0.596	1.0	NULL
446.0360000000004	3.0	2.0	1.0	stop_congruent
448.0360000000004	0.0	0.298	1.0	NULL
448.3340000000004	2.0	2.0	1.0	go_incongruent
450.3340000000004	0.0	0.0	1.0	NULL
450.3340000000004	1.0	2.0	1.0	go_congruent
452.3340000000004	0.0	0.8939999999999999	1.0	NULL
453.2280000000004	2.0	2.0	1.0	go_incongruent
455.2280000000004	0.0	0.298	1.0	NULL
455.5260000000004	1.0	2.0	1.0	go_congruent
457.52600000000035	0.0	0.298	1.0	NULL
457.82400000000035	1.0	2.0	1.0	go_congruent
459.82400000000035	0.0	0.0	1.0	NULL
459.82400000000035	3.0	2.0	1.0	stop_congruent
461.82400000000035	0.0	0.298	1.0	NULL
462.12200000000036	4.0	2.0	1.0	stop_incongruent
464.12200000000036	0.0	0.596	1.0	NULL
464.71800000000036	1.0	2.0	1.0	go_congruent
476.71800000000036	0.0	0.298	1.0	NULL
477.01600000000036	4.0	2.0	1.0	stop_incongruent
479.01600000000036	0.0	0.298	1.0	NULL
479.31400000000036	2.0	2.0	1.0	go_incongruent
481.31400000000036	0.0	0.298	1.0	NULL
481.61200000000036	3.0	2.0	1.0	stop_congruent
483.61200000000036	0.0	1.192	1.0	NULL
484.80400000000037	1.0	2.0	1.0	go_congruent
486.80400000000037	0.0	0.596	1.0	NULL
487.4000000000004	1.0	2.0	1.0	go_congruent
489.40000000000055	0.0	0.8939999999999999	1.0	NULL
490.29400000000055	4.0	2.0	1.0	stop_incongruent
492.29400000000055	0.0	0.0	1.0	NULL
492.29400000000055	3.0	2.0	1.0	stop_congruent
494.29400000000055	0.0	0.596	1.0	NULL
494.89000000000055	1.0	2.0	1.0	go_congruent
496.89000000000055	0.0	0.298	1.0	NULL
497.18800000000056	2.0	2.0	1.0	go_incongruent
499.18800000000056	0.0	0.298	1.0	NULL
499.48600000000056	3.0	2.0	1.0	stop_congruent
501.48600000000056	0.0	0.298	1.0	NULL
501.78400000000056	2.0	2.0	1.0	go_incongruent
503.78400000000056	0.0	0.0	1.0	NULL
503.78400000000056	1.0	2.0	1.0	go_congruent
505.7840000000005	0.0	0.596	1.0	NULL
506.3800000000005	1.0	2.0	1.0	go_congruent
508.3800000000005	0.0	0.8939999999999999	1.0	NULL
509.2740000000005	1.0	2.0	1.0	go_congruent
511.2740000000005	0.0	0.298	1.0	NULL
511.5720000000005	3.0	2.0	1.0	stop_congruent
513.5720000000006	0.0	0.8939999999999999	1.0	NULL
514.4660000000006	2.0	2.0	1.0	go_incongruent
516.4660000000006	0.0	0.596	1.0	NULL
517.0620000000006	4.0	2.0	1.0	stop_incongruent
519.0620000000006	0.0	0.298	1.0	NULL
519.3600000000006	1.0	2.0	1.0	go_congruent
521.3600000000006	0.0	0.298	1.0	NULL
521.6580000000006	4.0	2.0	1.0	stop_incongruent
523.6580000000006	0.0	0.298	1.0	NULL
523.9560000000006	2.0	2.0	1.0	go_incongruent
525.9560000000006	0.0	0.298	1.0	NULL
526.2540000000006	3.0	2.0	1.0	stop_congruent
528.2540000000005	0.0	1.49	1.0	NULL
529.7440000000005	1.0	2.0	1.0	go_congruent
531.7440000000005	0.0	0.298	1.0	NULL
532.0420000000005	2.0	2.0	1.0	go_incongruent
534.0420000000005	0.0	1.192	1.0	NULL
535.2340000000005	4.0	2.0	1.0	stop_incongruent
537.2340000000005	0.0	0.298	1.0	NULL
537.5320000000005	1.0	2.0	1.0	go_congruent
539.5320000000005	0.0	0.298	1.0	NULL
539.8300000000005	2.0	2.0	1.0	go_incongruent
541.8300000000005	0.0	0.298	1.0	NULL
542.1280000000005	1.0	2.0	1.0	go_congruent
544.1280000000005	0.0	0.298	1.0	NULL
544.4260000000005	1.0	2.0	1.0	go_congruent
546.4260000000005	0.0	0.0	1.0	NULL
546.4260000000005	2.0	2.0	1.0	go_incongruent
548.4260000000005	0.0	0.298	1.0	NULL
548.7240000000005	1.0	2.0	1.0	go_congruent
550.7240000000005	0.0	0.298	1.0	NULL
551.0220000000005	4.0	2.0	1.0	stop_incongruent
553.0220000000005	0.0	0.298	1.0	NULL
553.3200000000005	1.0	2.0	1.0	go_congruent
555.3200000000005	0.0	0.596	1.0	NULL
555.9160000000005	4.0	2.0	1.0	stop_incongruent
557.9160000000005	0.0	0.596	1.0	NULL
558.5120000000005	1.0	2.0	1.0	go_congruent
560.5120000000005	0.0	0.298	1.0	NULL
560.8100000000005	2.0	2.0	1.0	go_incongruent
562.8100000000005	0.0	0.298	1.0	NULL
563.1080000000005	1.0	2.0	1.0	go_congruent
565.1080000000005	0.0	0.298	1.0	NULL
565.4060000000005	3.0	2.0	1.0	stop_congruent
567.4060000000005	0.0	0.8939999999999999	1.0	NULL
568.3000000000005	3.0	2.0	1.0	stop_congruent
570.3000000000005	0.0	0.298	1.0	NULL
570.5980000000005	1.0	2.0	1.0	go_congruent
572.5980000000005	0.0	0.298	1.0	NULL
572.8960000000005	2.0	2.0	1.0	go_incongruent
574.8960000000005	0.0	0.8939999999999999	1.0	NULL
575.7900000000005	2.0	2.0	1.0	go_incongruent
577.7900000000005	0.0	0.298	1.0	NULL
578.0880000000005	2.0	2.0	1.0	go_incongruent
580.0880000000005	0.0	0.0	1.0	NULL
580.0880000000005	1.0	2.0	1.0	go_congruent
582.0880000000005	0.0	0.596	1.0	NULL
582.6840000000005	3.0	2.0	1.0	stop_congruent
584.6840000000005	0.0	0.8939999999999999	1.0	NULL
585.5780000000005	1.0	2.0	1.0	go_congruent
587.5780000000005	0.0	0.298	1.0	NULL
587.8760000000005	1.0	2.0	1.0	go_congruent
589.8760000000005	0.0	0.298	1.0	NULL
590.1740000000005	1.0	2.0	1.0	go_congruent
592.1740000000005	0.0	0.298	1.0	NULL
592.4720000000005	3.0	2.0	1.0	stop_congruent
594.4720000000007	0.0	0.298	1.0	NULL
594.7700000000007	1.0	2.0	1.0	go_congruent
596.7700000000007	0.0	0.298	1.0	NULL
597.0680000000007	2.0	2.0	1.0	go_incongruent
599.0680000000006	0.0	0.596	1.0	NULL
599.6640000000006	2.0	2.0	1.0	go_incongruent
601.6640000000006	0.0	0.298	1.0	NULL
601.9620000000006	1.0	2.0	1.0	go_congruent
603.9620000000006	0.0	0.298	1.0	NULL
604.2600000000006	2.0	2.0	1.0	go_incongruent
606.2600000000006	0.0	0.298	1.0	NULL
606.5580000000006	4.0	2.0	1.0	stop_incongruent
608.5580000000006	0.0	0.596	1.0	NULL
609.1540000000006	2.0	2.0	1.0	go_incongruent
611.1540000000006	0.0	0.596	1.0	NULL
611.7500000000006	2.0	2.0	1.0	go_incongruent
613.7500000000006	0.0	0.298	1.0	NULL
614.0480000000006	3.0	2.0	1.0	stop_congruent
616.0480000000006	0.0	0.0	1.0	NULL
616.0480000000006	1.0	2.0	1.0	go_congruent
618.0480000000006	0.0	0.8939999999999999	1.0	NULL
618.9420000000006	1.0	2.0	1.0	go_congruent
620.9420000000006	0.0	0.0	1.0	NULL
620.9420000000006	2.0	2.0	1.0	go_incongruent
632.9420000000006	0.0	1.49	1.0	NULL
634.4320000000006	2.0	2.0	1.0	go_incongruent
636.4320000000006	0.0	0.298	1.0	NULL
636.7300000000006	2.0	2.0	1.0	go_incongruent
638.7300000000006	0.0	0.0	1.0	NULL
638.7300000000006	1.0	2.0	1.0	go_congruent
640.7300000000006	0.0	0.298	1.0	NULL
641.0280000000006	4.0	2.0	1.0	stop_incongruent
643.0280000000006	0.0	0.298	1.0	NULL
643.3260000000006	1.0	2.0	1.0	go_congruent
645.3260000000006	0.0	0.298	1.0	NULL
645.6240000000006	2.0	2.0	1.0	go_incongruent
647.6240000000006	0.0	0.298	1.0	NULL
647.9220000000006	2.0	2.0	1.0	go_incongruent
649.9220000000006	0.0	0.298	1.0	NULL
650.2200000000006	2.0	2.0	1.0	go_incongruent
652.2200000000006	0.0	0.596	1.0	NULL
652.8160000000006	4.0	2.0	1.0	stop_incongruent
654.8160000000006	0.0	0.8939999999999999	1.0	NULL
655.7100000000006	1.0	2.0	1.0	go_congruent
657.7100000000006	0.0	1.192	1.0	NULL
658.9020000000006	2.0	2.0	1.0	go_incongruent
660.9020000000006	0.0	0.8939999999999999	1.0	NULL
661.7960000000006	1.0	2.0	1.0	go_congruent
663.7960000000006	0.0	0.596	1.0	NULL
664.3920000000006	1.0	2.0	1.0	go_congruent
666.3920000000006	0.0	0.298	1.0	NULL
666.6900000000006	2.0	2.0	1.0	go_incongruent
668.6900000000006	0.0	0.0	1.0	NULL
668.6900000000006	3.0	2.0	1.0	stop_congruent
670.6900000000006	0.0	0.596	1.0	NULL
671.2860000000006	2.0	2.0	1.0	go_incongruent
673.2860000000006	0.0	0.298	1.0	NULL
673.5840000000006	1.0	2.0	1.0	go_congruent
675.5840000000006	0.0	0.298	1.0	NULL
675.8820000000006	2.0	2.0	1.0	go_incongruent
677.8820000000006	0.0	1.192	1.0	NULL
679.0740000000006	2.0	2.0	1.0	go_incongruent
681.0740000000006	0.0	0.596	1.0	NULL
681.6700000000006	2.0	2.0	1.0	go_incongruent
683.6700000000006	0.0	0.298	1.0	NULL
683.9680000000006	1.0	2.0	1.0	go_congruent
685.9680000000006	0.0	0.298	1.0	NULL
686.2660000000006	1.0	2.0	1.0	go_congruent
688.2660000000006	0.0	0.298	1.0	NULL
688.5640000000006	2.0	2.0	1.0	go_incongruent
690.5640000000008	0.0	0.596	1.0	NULL
691.1600000000008	4.0	2.0	1.0	stop_incongruent
693.1600000000008	0.0	0.298	1.0	NULL
693.4580000000008	3.0	2.0	1.0	stop_congruent
695.4580000000008	0.0	0.596	1.0	NULL
696.0540000000008	4.0	2.0	1.0	stop_incongruent
698.0540000000008	0.0	0.596	1.0	NULL
698.6500000000008	1.0	2.0	1.0	go_congruent
700.6500000000008	0.0	0.298	1.0	NULL
700.9480000000008	1.0	2.0	1.0	go_congruent
702.9480000000008	0.0	0.298	1.0	NULL
703.2460000000008	1.0	2.0	1.0	go_congruent
705.2460000000008	0.0	0.298	1.0	NULL
705.5440000000008	2.0	2.0	1.0	go_incongruent
707.5440000000008	0.0	0.596	1.0	NULL
708.1400000000008	4.0	2.0	1.0	stop_incongruent
710.1400000000008	0.0	0.298	1.0	NULL
710.4380000000008	1.0	2.0	1.0	go_congruent
712.4380000000008	0.0	0.0	1.0	NULL
712.4380000000008	1.0	2.0	1.0	go_congruent
714.4380000000008	0.0	0.8939999999999999	1.0	NULL
715.3320000000008	1.0	2.0	1.0	go_congruent
717.3320000000008	0.0	0.298	1.0	NULL
717.6300000000008	3.0	2.0	1.0	stop_congruent
719.6300000000008	0.0	0.298	1.0	NULL
719.9280000000008	4.0	2.0	1.0	stop_incongruent
721.9280000000008	0.0	0.298	1.0	NULL
722.2260000000008	1.0	2.0	1.0	go_congruent
724.2260000000008	0.0	0.8939999999999999	1.0	NULL
725.1200000000008	4.0	2.0	1.0	stop_incongruent
727.1200000000008	0.0	0.0	1.0	NULL
727.1200000000008	1.0	2.0	1.0	go_congruent
729.1200000000008	0.0	0.596	1.0	NULL
729.7160000000008	2.0	2.0	1.0	go_incongruent
731.7160000000008	0.0	0.298	1.0	NULL
732.0140000000008	2.0	2.0	1.0	go_incongruent
734.0140000000008	0.0	0.298	1.0	NULL
734.3120000000008	4.0	2.0	1.0	stop_incongruent
736.3120000000008	0.0	0.0	1.0	NULL
736.3120000000008	1.0	2.0	1.0	go_congruent
738.3120000000008	0.0	0.298	1.0	NULL
738.6100000000008	2.0	2.0	1.0	go_incongruent
740.6100000000008	0.0	0.596	1.0	NULL
741.2060000000008	1.0	2.0	1.0	go_congruent
743.2060000000008	0.0	0.298	1.0	NULL
743.5040000000008	1.0	2.0	1.0	go_congruent
745.5040000000007	0.0	0.8939999999999999	1.0	NULL
746.3980000000007	2.0	2.0	1.0	go_incongruent
748.3980000000007	0.0	0.0	1.0	NULL
748.3980000000007	2.0	2.0	1.0	go_incongruent
750.3980000000007	0.0	0.298	1.0	NULL
750.6960000000007	1.0	2.0	1.0	go_congruent
752.6960000000007	0.0	0.596	1.0	NULL
753.2920000000007	1.0	2.0	1.0	go_congruent
755.2920000000007	0.0	0.298	1.0	NULL
755.5900000000007	1.0	2.0	1.0	go_congruent
757.5900000000007	0.0	1.192	1.0	NULL
758.7820000000007	2.0	2.0	1.0	go_incongruent
760.7820000000007	0.0	0.298	1.0	NULL
761.0800000000007	2.0	2.0	1.0	go_incongruent
763.0800000000007	0.0	0.0	1.0	NULL
763.0800000000007	1.0	2.0	1.0	go_congruent
765.0800000000007	0.0	0.298	1.0	NULL
765.3780000000007	1.0	2.0	1.0	go_congruent
767.3780000000007	0.0	0.298	1.0	NULL
767.6760000000007	2.0	2.0	1.0	go_incongruent
769.6760000000007	0.0	1.7879999999999998	1.0	NULL
771.4640000000007	2.0	2.0	1.0	go_incongruent
773.4640000000007	0.0	0.298	1.0	NULL
773.7620000000007	3.0	2.0	1.0	stop_congruent
775.7620000000007	0.0	0.596	1.0	NULL
776.3580000000007	2.0	2.0	1.0	go_incongruent
778.3580000000007	0.0	0.298	1.0	NULL
778.6560000000007	3.0	2.0	1.0	stop_congruent
