6.894
8.894
23.066000000000003
28.258000000000003
33.152
35.748000000000005
38.04600000000001
40.34400000000001
45.83400000000001
47.83400000000001
61.32400000000002
86.17800000000003
91.07200000000003
93.37000000000003
97.96600000000004
106.05200000000004
110.94600000000004
113.84000000000005
125.92600000000006
135.71400000000006
140.90600000000006
145.20400000000006
147.50200000000007
159.80000000000007
165.29000000000008
173.0780000000001
177.9720000000001
202.23000000000013
206.52800000000013
214.01800000000014
221.80600000000015
230.99800000000016
239.97800000000018
246.57400000000018
248.87200000000018
251.4680000000002
256.0640000000002
273.3420000000002
277.9380000000002
283.4280000000002
289.21600000000024
294.11000000000024
307.89800000000025
325.09000000000026
327.38800000000026
336.87800000000027
342.0700000000003
358.4540000000003
375.1360000000003
395.60600000000034
421.5660000000004
428.4600000000004
438.5460000000004
441.1420000000004
443.4400000000004
450.3340000000004
455.5260000000004
457.8240000000004
464.7180000000004
484.8040000000004
487.40000000000043
494.89000000000044
503.78400000000045
506.38000000000045
509.27400000000046
519.3600000000005
529.7440000000005
537.5320000000005
542.1280000000005
544.4260000000005
548.7240000000005
553.3200000000005
558.5120000000005
563.1080000000005
570.5980000000005
580.0880000000005
585.5780000000005
587.8760000000005
590.1740000000005
594.7700000000006
601.9620000000006
616.0480000000006
618.9420000000006
638.7300000000006
643.3260000000006
655.7100000000006
661.7960000000006
664.3920000000006
673.5840000000006
683.9680000000006
686.2660000000006
698.6500000000007
700.9480000000007
703.2460000000007
710.4380000000007
712.4380000000007
715.3320000000007
722.2260000000007
727.1200000000007
736.3120000000007
741.2060000000007
743.5040000000007
750.6960000000007
753.2920000000007
755.5900000000007
763.0800000000007
765.3780000000007
