13.788
16.384
20.768
25.364000000000004
30.556000000000004
54.728000000000016
57.02600000000002
59.02600000000002
83.58200000000002
95.37000000000003
108.94600000000004
123.62800000000006
131.11800000000005
167.88600000000008
175.3760000000001
183.4620000000001
189.2500000000001
191.84600000000012
194.14400000000012
204.52800000000013
208.82600000000014
219.50800000000015
226.40200000000016
234.48800000000017
241.97800000000018
244.27600000000018
260.6600000000002
281.1300000000002
299.30200000000025
340.0700000000003
344.6660000000003
360.4540000000003
372.2420000000003
377.7320000000003
383.2220000000003
407.99000000000035
410.58600000000035
412.88400000000036
431.0560000000004
448.3340000000004
453.2280000000004
479.3140000000004
497.18800000000044
501.78400000000045
514.4660000000005
523.9560000000005
532.0420000000005
539.8300000000005
546.4260000000005
560.8100000000005
572.8960000000005
575.7900000000005
578.0880000000005
597.0680000000006
599.6640000000006
604.2600000000006
609.1540000000006
611.7500000000006
620.9420000000006
634.4320000000006
636.7300000000006
645.6240000000006
647.9220000000006
650.2200000000006
658.9020000000006
666.6900000000006
671.2860000000006
675.8820000000006
679.0740000000006
681.6700000000006
688.5640000000006
705.5440000000007
729.7160000000007
732.0140000000007
738.6100000000007
746.3980000000007
748.3980000000007
758.7820000000007
761.0800000000007
767.6760000000007
771.4640000000007
776.3580000000007
