0.0
2.596
4.894
50.13200000000001
52.430000000000014
63.920000000000016
72.60200000000002
75.19800000000002
77.49600000000002
88.77400000000003
100.26400000000004
103.75400000000003
116.73400000000005
119.03200000000005
121.33000000000006
127.92600000000004
133.71400000000006
138.60800000000006
143.20400000000006
162.09800000000007
181.1640000000001
196.74000000000012
211.72000000000014
216.91200000000015
223.80600000000015
237.68000000000018
253.7660000000002
258.3620000000002
263.2560000000002
266.1500000000002
268.4480000000002
291.51400000000024
297.30200000000025
303.30200000000025
305.60000000000025
320.49400000000026
322.79200000000026
329.38800000000026
347.2620000000003
349.2620000000003
351.5600000000003
353.8580000000003
355.8580000000003
362.7520000000003
365.0500000000003
367.6460000000003
380.6260000000003
385.5200000000003
387.8180000000003
393.60600000000034
401.09600000000034
405.69200000000035
415.77800000000036
419.26800000000037
423.8640000000004
462.1220000000004
477.0160000000004
490.29400000000044
517.0620000000005
521.6580000000005
535.2340000000005
551.0220000000005
555.9160000000005
606.5580000000006
641.0280000000006
652.8160000000006
691.1600000000007
696.0540000000007
708.1400000000007
719.9280000000007
725.1200000000007
734.3120000000007
