15.788
46.47
90.25800000000001
105.15200000000002
119.74800000000002
142.53600000000003
157.43000000000004
171.72800000000004
224.00600000000006
238.60200000000006
381.4560000000001
419.7340000000001
451.6080000000001
466.2040000000001
473.2040000000001
480.2040000000001
518.4820000000001
548.2700000000001
591.7600000000001
598.7600000000001
649.5480000000001
657.1440000000001
671.4420000000001
733.7200000000001
755.9120000000001
815.4880000000002
860.1700000000002
889.3620000000002
911.5540000000002
947.4480000000002
961.7460000000002
976.0440000000002
998.8320000000002
1013.1300000000002
1021.0240000000001
1028.3220000000001
1035.6200000000001
