23.086
39.172
127.34400000000002
186.32400000000004
216.41000000000005
275.68800000000005
320.07200000000006
327.66800000000006
348.96600000000007
389.3500000000001
427.0320000000001
458.9060000000001
525.7800000000001
533.6740000000001
562.5680000000001
577.1640000000001
613.3560000000001
620.6540000000001
664.4420000000001
686.0380000000001
771.1040000000002
785.7000000000002
799.9980000000002
807.2960000000002
822.7860000000002
838.2760000000002
918.8520000000002
991.5340000000002
1005.8320000000002
1049.9180000000001
1057.8120000000001
1065.1100000000001
1072.4080000000001
1080.0040000000001
