0.0	0.0	0.0	1.0	NULL
0.0	1.0	2.0	1.0	Go
2.0	0.0	0.25	1.0	NULL
2.25	2.0	2.0	1.0	NoGo
4.25	0.0	0.75	1.0	NULL
5.0	2.0	2.0	1.0	NoGo
7.0	0.0	0.25	1.0	NULL
7.25	2.0	2.0	1.0	NoGo
9.25	0.0	0.25	1.0	NULL
9.5	2.0	2.0	1.0	NoGo
11.5	0.0	0.25	1.0	NULL
11.75	1.0	2.0	1.0	Go
13.75	0.0	0.25	1.0	NULL
14.0	2.0	2.0	1.0	NoGo
16.0	0.0	1.0	1.0	NULL
17.0	1.0	2.0	1.0	Go
19.0	0.0	1.0	1.0	NULL
20.0	2.0	2.0	1.0	NoGo
22.0	0.0	0.5	1.0	NULL
22.5	2.0	2.0	1.0	NoGo
24.5	0.0	0.25	1.0	NULL
24.75	2.0	2.0	1.0	NoGo
26.75	0.0	0.75	1.0	NULL
27.5	1.0	2.0	1.0	Go
29.5	0.0	0.25	1.0	NULL
29.75	1.0	2.0	1.0	Go
31.75	0.0	0.25	1.0	NULL
32.0	1.0	2.0	1.0	Go
34.0	0.0	0.25	1.0	NULL
34.25	1.0	2.0	1.0	Go
36.25	0.0	0.5	1.0	NULL
36.75	1.0	2.0	1.0	Go
38.75	0.0	0.25	1.0	NULL
39.0	2.0	2.0	1.0	NoGo
41.0	0.0	0.25	1.0	NULL
41.25	1.0	2.0	1.0	Go
43.25	0.0	0.5	1.0	NULL
43.75	1.0	2.0	1.0	Go
45.75	0.0	0.0	1.0	NULL
45.75	2.0	2.0	1.0	NoGo
47.75	0.0	2.5	1.0	NULL
50.25	1.0	2.0	1.0	Go
52.25	0.0	0.25	1.0	NULL
52.5	1.0	2.0	1.0	Go
54.5	0.0	0.25	1.0	NULL
54.75	1.0	2.0	1.0	Go
56.75	0.0	0.25	1.0	NULL
57.0	1.0	2.0	1.0	Go
59.0	0.0	0.25	1.0	NULL
59.25	1.0	2.0	1.0	Go
61.25	0.0	0.25	1.0	NULL
61.5	2.0	2.0	1.0	NoGo
63.5	0.0	1.5	1.0	NULL
65.0	1.0	2.0	1.0	Go
67.0	0.0	0.5	1.0	NULL
67.5	2.0	2.0	1.0	NoGo
69.5	0.0	0.25	1.0	NULL
69.75	1.0	2.0	1.0	Go
71.75	0.0	0.25	1.0	NULL
72.0	1.0	2.0	1.0	Go
74.0	0.0	0.25	1.0	NULL
74.25	1.0	2.0	1.0	Go
76.25	0.0	0.25	1.0	NULL
76.5	1.0	2.0	1.0	Go
78.5	0.0	0.25	1.0	NULL
78.75	2.0	2.0	1.0	NoGo
80.75	0.0	0.25	1.0	NULL
81.0	2.0	2.0	1.0	NoGo
83.0	0.0	1.75	1.0	NULL
84.75	1.0	2.0	1.0	Go
86.75	0.0	0.25	1.0	NULL
87.0	1.0	2.0	1.0	Go
89.0	0.0	0.5	1.0	NULL
89.5	1.0	2.0	1.0	Go
91.5	0.0	0.5	1.0	NULL
92.0	1.0	2.0	1.0	Go
94.0	0.0	0.5	1.0	NULL
94.5	1.0	2.0	1.0	Go
96.5	0.0	0.25	1.0	NULL
96.75	1.0	2.0	1.0	Go
98.75	0.0	0.25	1.0	NULL
99.0	1.0	2.0	1.0	Go
101.0	0.0	0.25	1.0	NULL
101.25	2.0	2.0	1.0	NoGo
113.25	0.0	0.5	1.0	NULL
113.75	1.0	2.0	1.0	Go
115.75	0.0	0.5	1.0	NULL
116.25	1.0	2.0	1.0	Go
118.25	0.0	1.0	1.0	NULL
119.25	1.0	2.0	1.0	Go
121.25	0.0	0.25	1.0	NULL
121.5	1.0	2.0	1.0	Go
123.5	0.0	0.5	1.0	NULL
124.0	2.0	2.0	1.0	NoGo
126.0	0.0	1.25	1.0	NULL
127.25	1.0	2.0	1.0	Go
129.25	0.0	0.25	1.0	NULL
129.5	1.0	2.0	1.0	Go
131.5	0.0	0.0	1.0	NULL
131.5	1.0	2.0	1.0	Go
133.5	0.0	0.25	1.0	NULL
133.75	1.0	2.0	1.0	Go
135.75	0.0	0.25	1.0	NULL
136.0	1.0	2.0	1.0	Go
138.0	0.0	0.25	1.0	NULL
138.25	1.0	2.0	1.0	Go
140.25	0.0	0.25	1.0	NULL
140.5	2.0	2.0	1.0	NoGo
142.5	0.0	0.25	1.0	NULL
142.75	1.0	2.0	1.0	Go
144.75	0.0	0.75	1.0	NULL
145.5	1.0	2.0	1.0	Go
147.5	0.0	0.5	1.0	NULL
148.0	2.0	2.0	1.0	NoGo
150.0	0.0	0.25	1.0	NULL
150.25	1.0	2.0	1.0	Go
152.25	0.0	0.0	1.0	NULL
152.25	2.0	2.0	1.0	NoGo
154.25	0.0	1.25	1.0	NULL
155.5	2.0	2.0	1.0	NoGo
157.5	0.0	0.5	1.0	NULL
158.0	1.0	2.0	1.0	Go
160.0	0.0	0.75	1.0	NULL
160.75	1.0	2.0	1.0	Go
162.75	0.0	0.25	1.0	NULL
163.0	1.0	2.0	1.0	Go
165.0	0.0	0.25	1.0	NULL
165.25	1.0	2.0	1.0	Go
167.25	0.0	0.5	1.0	NULL
167.75	1.0	2.0	1.0	Go
169.75	0.0	0.5	1.0	NULL
170.25	1.0	2.0	1.0	Go
172.25	0.0	0.25	1.0	NULL
172.5	1.0	2.0	1.0	Go
174.5	0.0	1.5	1.0	NULL
176.0	1.0	2.0	1.0	Go
178.0	0.0	0.25	1.0	NULL
178.25	1.0	2.0	1.0	Go
180.25	0.0	0.25	1.0	NULL
180.5	1.0	2.0	1.0	Go
182.5	0.0	0.25	1.0	NULL
182.75	1.0	2.0	1.0	Go
184.75	0.0	0.25	1.0	NULL
185.0	2.0	2.0	1.0	NoGo
187.0	0.0	0.0	1.0	NULL
187.0	1.0	2.0	1.0	Go
189.0	0.0	0.25	1.0	NULL
189.25	1.0	2.0	1.0	Go
191.25	0.0	1.75	1.0	NULL
193.0	2.0	2.0	1.0	NoGo
195.0	0.0	0.0	1.0	NULL
195.0	1.0	2.0	1.0	Go
197.0	0.0	1.0	1.0	NULL
198.0	1.0	2.0	1.0	Go
200.0	0.0	0.25	1.0	NULL
200.25	2.0	2.0	1.0	NoGo
202.25	0.0	0.25	1.0	NULL
202.5	1.0	2.0	1.0	Go
204.5	0.0	0.25	1.0	NULL
204.75	1.0	2.0	1.0	Go
206.75	0.0	0.25	1.0	NULL
207.0	2.0	2.0	1.0	NoGo
209.0	0.0	0.25	1.0	NULL
209.25	1.0	2.0	1.0	Go
211.25	0.0	0.25	1.0	NULL
211.5	1.0	2.0	1.0	Go
213.5	0.0	0.0	1.0	NULL
213.5	1.0	2.0	1.0	Go
225.5	0.0	0.25	1.0	NULL
225.75	1.0	2.0	1.0	Go
227.75	0.0	0.5	1.0	NULL
228.25	1.0	2.0	1.0	Go
230.25	0.0	0.25	1.0	NULL
230.5	1.0	2.0	1.0	Go
232.5	0.0	1.0	1.0	NULL
233.5	1.0	2.0	1.0	Go
235.5	0.0	0.75	1.0	NULL
236.25	2.0	2.0	1.0	NoGo
238.25	0.0	0.25	1.0	NULL
238.5	1.0	2.0	1.0	Go
240.5	0.0	0.5	1.0	NULL
241.0	1.0	2.0	1.0	Go
243.0	0.0	0.25	1.0	NULL
243.25	2.0	2.0	1.0	NoGo
245.25	0.0	0.5	1.0	NULL
245.75	1.0	2.0	1.0	Go
247.75	0.0	0.5	1.0	NULL
248.25	1.0	2.0	1.0	Go
250.25	0.0	0.25	1.0	NULL
250.5	1.0	2.0	1.0	Go
252.5	0.0	0.0	1.0	NULL
252.5	1.0	2.0	1.0	Go
254.5	0.0	1.0	1.0	NULL
255.5	1.0	2.0	1.0	Go
257.5	0.0	0.5	1.0	NULL
258.0	2.0	2.0	1.0	NoGo
260.0	0.0	1.0	1.0	NULL
261.0	1.0	2.0	1.0	Go
263.0	0.0	0.25	1.0	NULL
263.25	1.0	2.0	1.0	Go
265.25	0.0	0.5	1.0	NULL
265.75	1.0	2.0	1.0	Go
267.75	0.0	0.25	1.0	NULL
268.0	1.0	2.0	1.0	Go
270.0	0.0	0.25	1.0	NULL
270.25	1.0	2.0	1.0	Go
272.25	0.0	3.25	1.0	NULL
275.5	1.0	2.0	1.0	Go
277.5	0.0	0.25	1.0	NULL
277.75	2.0	2.0	1.0	NoGo
279.75	0.0	0.25	1.0	NULL
280.0	2.0	2.0	1.0	NoGo
282.0	0.0	0.0	1.0	NULL
282.0	1.0	2.0	1.0	Go
284.0	0.0	0.25	1.0	NULL
284.25	1.0	2.0	1.0	Go
286.25	0.0	0.25	1.0	NULL
286.5	1.0	2.0	1.0	Go
288.5	0.0	0.25	1.0	NULL
288.75	1.0	2.0	1.0	Go
290.75	0.0	0.75	1.0	NULL
291.5	1.0	2.0	1.0	Go
293.5	0.0	0.25	1.0	NULL
293.75	1.0	2.0	1.0	Go
295.75	0.0	1.25	1.0	NULL
297.0	1.0	2.0	1.0	Go
299.0	0.0	0.25	1.0	NULL
299.25	1.0	2.0	1.0	Go
301.25	0.0	0.75	1.0	NULL
302.0	1.0	2.0	1.0	Go
304.0	0.0	0.25	1.0	NULL
304.25	1.0	2.0	1.0	Go
306.25	0.0	0.25	1.0	NULL
306.5	1.0	2.0	1.0	Go
308.5	0.0	1.0	1.0	NULL
309.5	2.0	2.0	1.0	NoGo
311.5	0.0	0.25	1.0	NULL
311.75	2.0	2.0	1.0	NoGo
313.75	0.0	0.75	1.0	NULL
314.5	1.0	2.0	1.0	Go
316.5	0.0	0.25	1.0	NULL
316.75	2.0	2.0	1.0	NoGo
318.75	0.0	0.0	1.0	NULL
318.75	1.0	2.0	1.0	Go
320.75	0.0	0.25	1.0	NULL
321.0	1.0	2.0	1.0	Go
323.0	0.0	0.25	1.0	NULL
323.25	1.0	2.0	1.0	Go
325.25	0.0	0.5	1.0	NULL
325.75	1.0	2.0	1.0	Go
327.75	0.0	1.0	1.0	NULL
328.75	1.0	2.0	1.0	Go
340.75	0.0	0.5	1.0	NULL
341.25	1.0	2.0	1.0	Go
343.25	0.0	0.25	1.0	NULL
343.5	2.0	2.0	1.0	NoGo
345.5	0.0	0.25	1.0	NULL
345.75	1.0	2.0	1.0	Go
347.75	0.0	1.25	1.0	NULL
349.0	2.0	2.0	1.0	NoGo
351.0	0.0	0.25	1.0	NULL
351.25	1.0	2.0	1.0	Go
353.25	0.0	1.0	1.0	NULL
354.25	1.0	2.0	1.0	Go
356.25	0.0	0.75	1.0	NULL
357.0	1.0	2.0	1.0	Go
359.0	0.0	0.0	1.0	NULL
359.0	1.0	2.0	1.0	Go
361.0	0.0	0.5	1.0	NULL
361.5	1.0	2.0	1.0	Go
363.5	0.0	1.0	1.0	NULL
364.5	1.0	2.0	1.0	Go
366.5	0.0	0.5	1.0	NULL
367.0	1.0	2.0	1.0	Go
369.0	0.0	0.5	1.0	NULL
369.5	1.0	2.0	1.0	Go
371.5	0.0	0.25	1.0	NULL
371.75	1.0	2.0	1.0	Go
373.75	0.0	0.5	1.0	NULL
374.25	1.0	2.0	1.0	Go
376.25	0.0	0.5	1.0	NULL
376.75	1.0	2.0	1.0	Go
378.75	0.0	0.0	1.0	NULL
378.75	2.0	2.0	1.0	NoGo
380.75	0.0	0.25	1.0	NULL
381.0	1.0	2.0	1.0	Go
383.0	0.0	0.75	1.0	NULL
383.75	1.0	2.0	1.0	Go
385.75	0.0	1.0	1.0	NULL
386.75	1.0	2.0	1.0	Go
388.75	0.0	0.5	1.0	NULL
389.25	1.0	2.0	1.0	Go
391.25	0.0	0.5	1.0	NULL
391.75	2.0	2.0	1.0	NoGo
393.75	0.0	0.25	1.0	NULL
394.0	1.0	2.0	1.0	Go
396.0	0.0	0.0	1.0	NULL
396.0	1.0	2.0	1.0	Go
398.0	0.0	0.5	1.0	NULL
398.5	1.0	2.0	1.0	Go
400.5	0.0	0.25	1.0	NULL
400.75	1.0	2.0	1.0	Go
402.75	0.0	0.5	1.0	NULL
403.25	1.0	2.0	1.0	Go
405.25	0.0	0.25	1.0	NULL
405.5	1.0	2.0	1.0	Go
407.5	0.0	1.0	1.0	NULL
408.5	2.0	2.0	1.0	NoGo
410.5	0.0	0.0	1.0	NULL
410.5	1.0	2.0	1.0	Go
412.5	0.0	0.5	1.0	NULL
413.0	1.0	2.0	1.0	Go
415.0	0.0	0.75	1.0	NULL
415.75	1.0	2.0	1.0	Go
417.75	0.0	0.5	1.0	NULL
418.25	2.0	2.0	1.0	NoGo
420.25	0.0	1.0	1.0	NULL
421.25	1.0	2.0	1.0	Go
423.25	0.0	0.25	1.0	NULL
423.5	1.0	2.0	1.0	Go
425.5	0.0	0.25	1.0	NULL
425.75	1.0	2.0	1.0	Go
427.75	0.0	0.5	1.0	NULL
428.25	1.0	2.0	1.0	Go
430.25	0.0	0.25	1.0	NULL
430.5	1.0	2.0	1.0	Go
432.5	0.0	0.25	1.0	NULL
432.75	1.0	2.0	1.0	Go
434.75	0.0	0.75	1.0	NULL
435.5	1.0	2.0	1.0	Go
437.5	0.0	0.25	1.0	NULL
437.75	1.0	2.0	1.0	Go
439.75	0.0	0.75	1.0	NULL
440.5	1.0	2.0	1.0	Go
442.5	0.0	0.25	1.0	NULL
442.75	2.0	2.0	1.0	NoGo
454.75	0.0	1.0	1.0	NULL
455.75	1.0	2.0	1.0	Go
457.75	0.0	0.75	1.0	NULL
458.5	2.0	2.0	1.0	NoGo
460.5	0.0	0.0	1.0	NULL
460.5	1.0	2.0	1.0	Go
462.5	0.0	1.25	1.0	NULL
463.75	1.0	2.0	1.0	Go
465.75	0.0	0.75	1.0	NULL
466.5	1.0	2.0	1.0	Go
468.5	0.0	0.25	1.0	NULL
468.75	1.0	2.0	1.0	Go
470.75	0.0	0.5	1.0	NULL
471.25	1.0	2.0	1.0	Go
473.25	0.0	0.5	1.0	NULL
473.75	1.0	2.0	1.0	Go
475.75	0.0	0.25	1.0	NULL
476.0	1.0	2.0	1.0	Go
478.0	0.0	0.25	1.0	NULL
478.25	1.0	2.0	1.0	Go
480.25	0.0	2.0	1.0	NULL
482.25	1.0	2.0	1.0	Go
484.25	0.0	0.0	1.0	NULL
484.25	2.0	2.0	1.0	NoGo
486.25	0.0	1.0	1.0	NULL
487.25	1.0	2.0	1.0	Go
489.25	0.0	0.25	1.0	NULL
489.5	1.0	2.0	1.0	Go
491.5	0.0	0.25	1.0	NULL
491.75	2.0	2.0	1.0	NoGo
493.75	0.0	0.25	1.0	NULL
494.0	2.0	2.0	1.0	NoGo
496.0	0.0	0.25	1.0	NULL
496.25	1.0	2.0	1.0	Go
498.25	0.0	0.25	1.0	NULL
498.5	1.0	2.0	1.0	Go
500.5	0.0	0.25	1.0	NULL
500.75	1.0	2.0	1.0	Go
502.75	0.0	0.75	1.0	NULL
503.5	1.0	2.0	1.0	Go
505.5	0.0	0.75	1.0	NULL
506.25	1.0	2.0	1.0	Go
508.25	0.0	0.25	1.0	NULL
508.5	1.0	2.0	1.0	Go
510.5	0.0	0.25	1.0	NULL
510.75	1.0	2.0	1.0	Go
512.75	0.0	1.5	1.0	NULL
514.25	1.0	2.0	1.0	Go
516.25	0.0	0.25	1.0	NULL
516.5	2.0	2.0	1.0	NoGo
518.5	0.0	0.25	1.0	NULL
518.75	1.0	2.0	1.0	Go
520.75	0.0	0.25	1.0	NULL
521.0	1.0	2.0	1.0	Go
523.0	0.0	0.0	1.0	NULL
523.0	1.0	2.0	1.0	Go
525.0	0.0	0.5	1.0	NULL
525.5	1.0	2.0	1.0	Go
527.5	0.0	0.25	1.0	NULL
527.75	1.0	2.0	1.0	Go
529.75	0.0	0.5	1.0	NULL
530.25	1.0	2.0	1.0	Go
532.25	0.0	0.25	1.0	NULL
532.5	1.0	2.0	1.0	Go
534.5	0.0	0.75	1.0	NULL
535.25	1.0	2.0	1.0	Go
537.25	0.0	0.25	1.0	NULL
537.5	1.0	2.0	1.0	Go
539.5	0.0	0.25	1.0	NULL
539.75	1.0	2.0	1.0	Go
541.75	0.0	1.5	1.0	NULL
543.25	1.0	2.0	1.0	Go
545.25	0.0	0.25	1.0	NULL
545.5	2.0	2.0	1.0	NoGo
547.5	0.0	0.25	1.0	NULL
547.75	1.0	2.0	1.0	Go
549.75	0.0	0.75	1.0	NULL
550.5	1.0	2.0	1.0	Go
552.5	0.0	0.25	1.0	NULL
552.75	1.0	2.0	1.0	Go
554.75	0.0	1.25	1.0	NULL
556.0	1.0	2.0	1.0	Go
558.0	0.0	0.0	1.0	NULL
558.0	2.0	2.0	1.0	NoGo
