0.0
11.75
17.0
27.5
29.75
32.0
34.25
36.75
41.25
43.75
50.25
52.5
54.75
57.0
59.25
65.0
69.75
72.0
74.25
76.5
84.75
87.0
89.5
92.0
94.5
96.75
99.0
113.75
116.25
119.25
121.5
127.25
129.5
131.5
133.75
136.0
138.25
142.75
145.5
150.25
158.0
160.75
163.0
165.25
167.75
170.25
172.5
176.0
178.25
180.5
182.75
187.0
189.25
195.0
198.0
202.5
204.75
209.25
211.5
213.5
225.75
228.25
230.5
233.5
238.5
241.0
245.75
248.25
250.5
252.5
255.5
261.0
263.25
265.75
268.0
270.25
275.5
282.0
284.25
286.5
288.75
291.5
293.75
297.0
299.25
302.0
304.25
306.5
314.5
318.75
321.0
323.25
325.75
328.75
341.25
345.75
351.25
354.25
357.0
359.0
361.5
364.5
367.0
369.5
371.75
374.25
376.75
381.0
383.75
386.75
389.25
394.0
396.0
398.5
400.75
403.25
405.5
410.5
413.0
415.75
421.25
423.5
425.75
428.25
430.5
432.75
435.5
437.75
440.5
455.75
460.5
463.75
466.5
468.75
471.25
473.75
476.0
478.25
482.25
487.25
489.5
496.25
498.5
500.75
503.5
506.25
508.5
510.75
514.25
518.75
521.0
523.0
525.5
527.75
530.25
532.5
535.25
537.5
539.75
543.25
547.75
550.5
552.75
556.0
