0.0
22.490000000000002
75.06600000000002
90.25800000000002
134.04600000000002
164.43000000000004
186.32400000000004
239.19800000000006
261.39000000000004
276.28400000000005
330.37000000000006
413.6280000000001
458.9060000000001
496.58800000000014
519.0780000000001
550.3560000000001
557.6540000000001
565.2500000000001
572.8460000000001
580.4420000000001
587.4420000000001
641.8260000000001
649.1240000000001
656.1240000000001
665.8060000000002
731.7860000000002
739.0840000000002
754.5740000000002
799.5540000000002
843.6400000000002
859.1300000000002
866.4280000000002
910.5140000000002
