23.086
30.384
39.172
68.364
82.96000000000001
98.15200000000002
112.74800000000002
149.83400000000003
164.72800000000004
224.00600000000006
253.49600000000004
268.39000000000004
305.77400000000006
320.07200000000006
334.66800000000006
389.3500000000001
403.6480000000001
441.9260000000001
487.5020000000001
541.2700000000001
620.6540000000001
627.9520000000001
635.2500000000001
678.7400000000001
701.2300000000001
709.1240000000001
785.7000000000002
852.8720000000002
882.0640000000002
940.1500000000002
1049.9180000000001
1072.4080000000001
