15.788
46.47
53.768
90.25800000000001
134.64200000000002
142.53600000000003
157.43000000000004
171.72800000000004
201.81400000000005
245.90000000000006
381.4560000000001
419.7340000000001
466.2040000000001
473.2040000000001
480.2040000000001
518.4820000000001
548.2700000000001
591.7600000000001
598.7600000000001
649.5480000000001
657.1440000000001
671.4420000000001
686.0380000000001
733.7200000000001
755.9120000000001
778.4020000000002
799.9980000000002
815.4880000000002
860.1700000000002
889.3620000000002
925.8520000000002
933.1500000000002
947.4480000000002
976.0440000000002
998.8320000000002
1013.1300000000002
1021.0240000000001
1035.6200000000001
1057.8120000000001
1065.1100000000001
