61.066
119.74800000000002
186.32400000000004
209.11200000000005
216.41000000000005
260.79400000000004
282.68800000000005
297.88000000000005
312.77400000000006
327.66800000000006
348.96600000000007
367.1580000000001
374.1580000000001
396.6480000000001
412.7340000000001
451.6080000000001
555.5680000000001
577.1640000000001
584.4620000000001
613.3560000000001
642.5480000000001
693.9320000000001
716.4220000000001
748.6140000000001
771.1040000000002
822.7860000000002
845.5740000000002
896.6600000000002
911.5540000000002
991.5340000000002
1042.6200000000001
