37.384
59.87400000000001
67.47000000000001
104.25800000000002
126.15200000000002
178.43000000000004
222.51600000000005
246.49600000000007
261.0920000000001
297.5820000000001
335.2640000000001
351.05200000000013
375.64800000000014
382.94600000000014
405.13800000000015
442.82000000000016
449.82000000000016
480.5020000000002
487.8000000000002
495.0980000000002
502.3960000000002
516.9920000000002
639.1240000000003
646.4220000000003
691.1040000000003
698.4020000000003
737.8920000000003
783.1700000000003
811.7660000000003
827.5540000000003
916.3220000000003
939.7060000000004
954.3020000000004
977.3880000000004
1014.1760000000004
1029.6660000000004
1059.7520000000004
1067.3480000000004
1074.9440000000004
1083.1360000000004
