57.49000000000001
213.72800000000007
273.9000000000001
289.6880000000001
349.2640000000001
380.8600000000001
388.15800000000013
395.15800000000013
402.45600000000013
452.94600000000014
467.54200000000014
474.84000000000015
496.73400000000015
504.33000000000015
511.62800000000016
526.8200000000002
534.1180000000002
578.5020000000002
600.3960000000002
608.2900000000002
644.7800000000002
651.7800000000002
675.1640000000002
689.7600000000002
729.2500000000002
743.8460000000002
772.7400000000002
811.6140000000003
818.9120000000003
826.5080000000003
833.8060000000003
848.4020000000003
855.7000000000003
878.1900000000003
885.7860000000003
893.0840000000003
900.6800000000003
908.2760000000003
932.2560000000003
947.4480000000003
969.3420000000003
983.9380000000003
998.5340000000003
1027.7260000000003
1035.0240000000003
1056.6200000000003
