29.490000000000002
46.47
90.55600000000001
104.85400000000001
265.41
273.00600000000003
325.58200000000005
373.26400000000007
387.86000000000007
424.6480000000001
467.8400000000001
497.3300000000001
504.6280000000001
579.0980000000001
593.6940000000001
638.9720000000001
667.8660000000001
714.6340000000001
731.9320000000001
747.4220000000001
850.4880000000002
888.1700000000002
924.6600000000002
991.5340000000002
1013.7260000000002
1021.3220000000001
1028.6200000000001
1066.3020000000001
1074.1960000000001
1081.4940000000001
