38.576
97.55600000000001
163.83400000000003
178.13200000000003
207.02600000000004
214.02600000000004
235.62200000000004
242.62200000000004
250.21800000000002
280.60200000000003
287.90000000000003
302.49600000000004
340.17800000000005
365.37000000000006
380.56200000000007
438.9460000000001
445.9460000000001
452.9460000000001
526.522
556.0120000000001
563.6080000000001
570.9060000000001
600.9920000000001
608.5880000000001
616.1840000000001
653.2700000000001
660.5680000000001
677.2500000000001
699.4420000000001
707.3360000000001
776.3160000000001
783.6140000000001
820.9980000000002
842.8920000000002
858.6800000000002
903.0640000000002
969.0440000000002
1051.4080000000001
