0.0	0.0	0.0	1.0	NULL
0.0	1.0	2.0	1.0	mismatch
2.0	0.0	0.25	1.0	NULL
2.25	2.0	2.0	1.0	match
4.25	0.0	0.75	1.0	NULL
5.0	1.0	2.0	1.0	mismatch
7.0	0.0	0.25	1.0	NULL
7.25	1.0	2.0	1.0	mismatch
9.25	0.0	0.0	1.0	NULL
9.25	1.0	2.0	1.0	mismatch
11.25	0.0	0.25	1.0	NULL
11.5	2.0	2.0	1.0	match
13.5	0.0	1.0	1.0	NULL
14.5	1.0	2.0	1.0	mismatch
16.5	0.0	0.75	1.0	NULL
17.25	1.0	2.0	1.0	mismatch
19.25	0.0	0.25	1.0	NULL
19.5	2.0	2.0	1.0	match
21.5	0.0	1.0	1.0	NULL
22.5	1.0	2.0	1.0	mismatch
24.5	0.0	0.5	1.0	NULL
25.0	1.0	2.0	1.0	mismatch
27.0	0.0	0.25	1.0	NULL
27.25	2.0	2.0	1.0	match
29.25	0.0	1.0	1.0	NULL
30.25	1.0	2.0	1.0	mismatch
32.25	0.0	0.25	1.0	NULL
32.5	1.0	2.0	1.0	mismatch
34.5	0.0	0.25	1.0	NULL
34.75	1.0	2.0	1.0	mismatch
36.75	0.0	0.75	1.0	NULL
37.5	2.0	2.0	1.0	match
39.5	0.0	0.75	1.0	NULL
40.25	1.0	2.0	1.0	mismatch
42.25	0.0	0.25	1.0	NULL
42.5	1.0	2.0	1.0	mismatch
44.5	0.0	0.25	1.0	NULL
44.75	2.0	2.0	1.0	match
46.75	0.0	0.75	1.0	NULL
47.5	1.0	2.0	1.0	mismatch
49.5	0.0	0.25	1.0	NULL
49.75	1.0	2.0	1.0	mismatch
51.75	0.0	0.0	1.0	NULL
51.75	1.0	2.0	1.0	mismatch
53.75	0.0	0.5	1.0	NULL
54.25	1.0	2.0	1.0	mismatch
56.25	0.0	0.25	1.0	NULL
56.5	1.0	2.0	1.0	mismatch
58.5	0.0	0.25	1.0	NULL
58.75	1.0	2.0	1.0	mismatch
60.75	0.0	0.25	1.0	NULL
61.0	1.0	2.0	1.0	mismatch
63.0	0.0	0.25	1.0	NULL
63.25	1.0	2.0	1.0	mismatch
65.25	0.0	0.25	1.0	NULL
65.5	1.0	2.0	1.0	mismatch
67.5	0.0	0.25	1.0	NULL
67.75	2.0	2.0	1.0	match
69.75	0.0	1.0	1.0	NULL
70.75	1.0	2.0	1.0	mismatch
72.75	0.0	0.25	1.0	NULL
73.0	1.0	2.0	1.0	mismatch
75.0	0.0	0.25	1.0	NULL
75.25	1.0	2.0	1.0	mismatch
77.25	0.0	0.5	1.0	NULL
77.75	1.0	2.0	1.0	mismatch
79.75	0.0	0.25	1.0	NULL
80.0	1.0	2.0	1.0	mismatch
82.0	0.0	0.25	1.0	NULL
82.25	1.0	2.0	1.0	mismatch
84.25	0.0	0.5	1.0	NULL
84.75	1.0	2.0	1.0	mismatch
86.75	0.0	0.0	1.0	NULL
86.75	1.0	2.0	1.0	mismatch
88.75	0.0	0.25	1.0	NULL
89.0	2.0	2.0	1.0	match
91.0	0.0	1.0	1.0	NULL
92.0	1.0	2.0	1.0	mismatch
94.0	0.0	0.25	1.0	NULL
94.25	1.0	2.0	1.0	mismatch
96.25	0.0	0.25	1.0	NULL
96.5	1.0	2.0	1.0	mismatch
98.5	0.0	0.25	1.0	NULL
98.75	1.0	2.0	1.0	mismatch
100.75	0.0	0.25	1.0	NULL
101.0	2.0	2.0	1.0	match
103.0	0.0	1.0	1.0	NULL
104.0	1.0	2.0	1.0	mismatch
106.0	0.0	0.5	1.0	NULL
106.5	1.0	2.0	1.0	mismatch
108.5	0.0	0.5	1.0	NULL
109.0	1.0	2.0	1.0	mismatch
111.0	0.0	0.25	1.0	NULL
111.25	1.0	2.0	1.0	mismatch
113.25	0.0	0.25	1.0	NULL
113.5	1.0	2.0	1.0	mismatch
115.5	0.0	0.75	1.0	NULL
116.25	1.0	2.0	1.0	mismatch
118.25	0.0	0.75	1.0	NULL
119.0	2.0	2.0	1.0	match
121.0	0.0	3.25	1.0	NULL
124.25	1.0	2.0	1.0	mismatch
126.25	0.0	0.25	1.0	NULL
126.5	2.0	2.0	1.0	match
128.5	0.0	0.5	1.0	NULL
129.0	1.0	2.0	1.0	mismatch
131.0	0.0	0.5	1.0	NULL
131.5	1.0	2.0	1.0	mismatch
133.5	0.0	0.75	1.0	NULL
134.25	1.0	2.0	1.0	mismatch
136.25	0.0	0.25	1.0	NULL
136.5	1.0	2.0	1.0	mismatch
138.5	0.0	0.5	1.0	NULL
139.0	1.0	2.0	1.0	mismatch
141.0	0.0	0.25	1.0	NULL
141.25	1.0	2.0	1.0	mismatch
143.25	0.0	0.25	1.0	NULL
143.5	2.0	2.0	1.0	match
145.5	0.0	0.75	1.0	NULL
146.25	1.0	2.0	1.0	mismatch
158.25	0.0	0.25	1.0	NULL
158.5	1.0	2.0	1.0	mismatch
160.5	0.0	0.0	1.0	NULL
160.5	1.0	2.0	1.0	mismatch
162.5	0.0	0.25	1.0	NULL
162.75	1.0	2.0	1.0	mismatch
164.75	0.0	0.25	1.0	NULL
165.0	1.0	2.0	1.0	mismatch
167.0	0.0	0.25	1.0	NULL
167.25	1.0	2.0	1.0	mismatch
169.25	0.0	0.25	1.0	NULL
169.5	1.0	2.0	1.0	mismatch
171.5	0.0	0.25	1.0	NULL
171.75	2.0	2.0	1.0	match
173.75	0.0	1.0	1.0	NULL
174.75	1.0	2.0	1.0	mismatch
176.75	0.0	0.25	1.0	NULL
177.0	1.0	2.0	1.0	mismatch
179.0	0.0	0.0	1.0	NULL
179.0	1.0	2.0	1.0	mismatch
181.0	0.0	0.5	1.0	NULL
181.5	1.0	2.0	1.0	mismatch
183.5	0.0	0.0	1.0	NULL
183.5	1.0	2.0	1.0	mismatch
185.5	0.0	0.0	1.0	NULL
185.5	1.0	2.0	1.0	mismatch
187.5	0.0	0.25	1.0	NULL
187.75	1.0	2.0	1.0	mismatch
189.75	0.0	0.5	1.0	NULL
190.25	1.0	2.0	1.0	mismatch
192.25	0.0	0.25	1.0	NULL
192.5	1.0	2.0	1.0	mismatch
194.5	0.0	0.25	1.0	NULL
194.75	2.0	2.0	1.0	match
196.75	0.0	1.0	1.0	NULL
197.75	2.0	2.0	1.0	match
199.75	0.0	0.75	1.0	NULL
200.5	1.0	2.0	1.0	mismatch
202.5	0.0	0.5	1.0	NULL
203.0	1.0	2.0	1.0	mismatch
205.0	0.0	0.25	1.0	NULL
205.25	2.0	2.0	1.0	match
207.25	0.0	1.75	1.0	NULL
209.0	1.0	2.0	1.0	mismatch
211.0	0.0	0.25	1.0	NULL
211.25	2.0	2.0	1.0	match
213.25	0.0	2.0	1.0	NULL
215.25	1.0	2.0	1.0	mismatch
217.25	0.0	0.25	1.0	NULL
217.5	2.0	2.0	1.0	match
219.5	0.0	0.75	1.0	NULL
220.25	2.0	2.0	1.0	match
222.25	0.0	0.5	1.0	NULL
222.75	1.0	2.0	1.0	mismatch
224.75	0.0	0.5	1.0	NULL
225.25	1.0	2.0	1.0	mismatch
227.25	0.0	0.25	1.0	NULL
227.5	1.0	2.0	1.0	mismatch
229.5	0.0	0.25	1.0	NULL
229.75	2.0	2.0	1.0	match
231.75	0.0	0.75	1.0	NULL
232.5	1.0	2.0	1.0	mismatch
234.5	0.0	0.25	1.0	NULL
234.75	2.0	2.0	1.0	match
236.75	0.0	1.0	1.0	NULL
237.75	1.0	2.0	1.0	mismatch
239.75	0.0	0.5	1.0	NULL
240.25	1.0	2.0	1.0	mismatch
242.25	0.0	0.25	1.0	NULL
242.5	1.0	2.0	1.0	mismatch
244.5	0.0	0.5	1.0	NULL
245.0	1.0	2.0	1.0	mismatch
247.0	0.0	0.5	1.0	NULL
247.5	1.0	2.0	1.0	mismatch
249.5	0.0	0.5	1.0	NULL
250.0	1.0	2.0	1.0	mismatch
252.0	0.0	0.25	1.0	NULL
252.25	1.0	2.0	1.0	mismatch
254.25	0.0	0.0	1.0	NULL
254.25	1.0	2.0	1.0	mismatch
256.25	0.0	0.5	1.0	NULL
256.75	2.0	2.0	1.0	match
258.75	0.0	0.75	1.0	NULL
259.5	2.0	2.0	1.0	match
261.5	0.0	1.75	1.0	NULL
263.25	1.0	2.0	1.0	mismatch
265.25	0.0	0.0	1.0	NULL
265.25	2.0	2.0	1.0	match
267.25	0.0	1.5	1.0	NULL
268.75	2.0	2.0	1.0	match
270.75	0.0	1.5	1.0	NULL
272.25	1.0	2.0	1.0	mismatch
274.25	0.0	0.25	1.0	NULL
274.5	1.0	2.0	1.0	mismatch
276.5	0.0	0.5	1.0	NULL
277.0	1.0	2.0	1.0	mismatch
279.0	0.0	0.25	1.0	NULL
279.25	1.0	2.0	1.0	mismatch
281.25	0.0	0.5	1.0	NULL
281.75	2.0	2.0	1.0	match
283.75	0.0	1.5	1.0	NULL
285.25	2.0	2.0	1.0	match
287.25	0.0	0.75	1.0	NULL
288.0	1.0	2.0	1.0	mismatch
290.0	0.0	0.0	1.0	NULL
290.0	1.0	2.0	1.0	mismatch
292.0	0.0	0.25	1.0	NULL
292.25	1.0	2.0	1.0	mismatch
294.25	0.0	0.25	1.0	NULL
294.5	1.0	2.0	1.0	mismatch
296.5	0.0	0.25	1.0	NULL
296.75	1.0	2.0	1.0	mismatch
298.75	0.0	0.25	1.0	NULL
299.0	1.0	2.0	1.0	mismatch
301.0	0.0	0.25	1.0	NULL
301.25	1.0	2.0	1.0	mismatch
303.25	0.0	0.0	1.0	NULL
303.25	1.0	2.0	1.0	mismatch
305.25	0.0	0.5	1.0	NULL
305.75	2.0	2.0	1.0	match
317.75	0.0	1.75	1.0	NULL
319.5	1.0	2.0	1.0	mismatch
321.5	0.0	0.25	1.0	NULL
321.75	1.0	2.0	1.0	mismatch
323.75	0.0	0.25	1.0	NULL
324.0	1.0	2.0	1.0	mismatch
326.0	0.0	0.25	1.0	NULL
326.25	1.0	2.0	1.0	mismatch
328.25	0.0	0.25	1.0	NULL
328.5	2.0	2.0	1.0	match
330.5	0.0	1.5	1.0	NULL
332.0	1.0	2.0	1.0	mismatch
334.0	0.0	0.25	1.0	NULL
334.25	1.0	2.0	1.0	mismatch
336.25	0.0	0.75	1.0	NULL
337.0	1.0	2.0	1.0	mismatch
339.0	0.0	0.25	1.0	NULL
339.25	1.0	2.0	1.0	mismatch
341.25	0.0	0.25	1.0	NULL
341.5	2.0	2.0	1.0	match
343.5	0.0	1.0	1.0	NULL
344.5	1.0	2.0	1.0	mismatch
346.5	0.0	0.25	1.0	NULL
346.75	1.0	2.0	1.0	mismatch
348.75	0.0	0.0	1.0	NULL
348.75	1.0	2.0	1.0	mismatch
350.75	0.0	0.25	1.0	NULL
351.0	1.0	2.0	1.0	mismatch
353.0	0.0	0.25	1.0	NULL
353.25	1.0	2.0	1.0	mismatch
355.25	0.0	0.25	1.0	NULL
355.5	2.0	2.0	1.0	match
357.5	0.0	1.0	1.0	NULL
358.5	1.0	2.0	1.0	mismatch
360.5	0.0	0.5	1.0	NULL
361.0	1.0	2.0	1.0	mismatch
363.0	0.0	0.25	1.0	NULL
363.25	1.0	2.0	1.0	mismatch
365.25	0.0	0.25	1.0	NULL
365.5	2.0	2.0	1.0	match
367.5	0.0	1.0	1.0	NULL
368.5	1.0	2.0	1.0	mismatch
370.5	0.0	0.75	1.0	NULL
371.25	2.0	2.0	1.0	match
373.25	0.0	1.0	1.0	NULL
374.25	1.0	2.0	1.0	mismatch
376.25	0.0	0.25	1.0	NULL
376.5	1.0	2.0	1.0	mismatch
378.5	0.0	0.25	1.0	NULL
378.75	1.0	2.0	1.0	mismatch
380.75	0.0	0.25	1.0	NULL
381.0	1.0	2.0	1.0	mismatch
383.0	0.0	0.5	1.0	NULL
383.5	2.0	2.0	1.0	match
385.5	0.0	1.0	1.0	NULL
386.5	1.0	2.0	1.0	mismatch
388.5	0.0	0.5	1.0	NULL
389.0	1.0	2.0	1.0	mismatch
391.0	0.0	0.75	1.0	NULL
391.75	2.0	2.0	1.0	match
393.75	0.0	1.25	1.0	NULL
395.0	1.0	2.0	1.0	mismatch
397.0	0.0	0.5	1.0	NULL
397.5	1.0	2.0	1.0	mismatch
399.5	0.0	0.25	1.0	NULL
399.75	1.0	2.0	1.0	mismatch
401.75	0.0	0.5	1.0	NULL
402.25	2.0	2.0	1.0	match
404.25	0.0	1.25	1.0	NULL
405.5	1.0	2.0	1.0	mismatch
407.5	0.0	0.25	1.0	NULL
407.75	1.0	2.0	1.0	mismatch
409.75	0.0	0.5	1.0	NULL
410.25	1.0	2.0	1.0	mismatch
412.25	0.0	0.25	1.0	NULL
412.5	1.0	2.0	1.0	mismatch
414.5	0.0	0.25	1.0	NULL
414.75	2.0	2.0	1.0	match
416.75	0.0	0.75	1.0	NULL
417.5	1.0	2.0	1.0	mismatch
419.5	0.0	0.25	1.0	NULL
419.75	2.0	2.0	1.0	match
421.75	0.0	0.75	1.0	NULL
422.5	1.0	2.0	1.0	mismatch
424.5	0.0	0.25	1.0	NULL
424.75	1.0	2.0	1.0	mismatch
426.75	0.0	0.5	1.0	NULL
427.25	1.0	2.0	1.0	mismatch
429.25	0.0	0.5	1.0	NULL
429.75	1.0	2.0	1.0	mismatch
431.75	0.0	0.25	1.0	NULL
432.0	1.0	2.0	1.0	mismatch
434.0	0.0	0.25	1.0	NULL
434.25	1.0	2.0	1.0	mismatch
436.25	0.0	0.25	1.0	NULL
436.5	1.0	2.0	1.0	mismatch
438.5	0.0	0.5	1.0	NULL
439.0	2.0	2.0	1.0	match
441.0	0.0	1.0	1.0	NULL
442.0	1.0	2.0	1.0	mismatch
444.0	0.0	0.5	1.0	NULL
444.5	1.0	2.0	1.0	mismatch
446.5	0.0	0.25	1.0	NULL
446.75	1.0	2.0	1.0	mismatch
448.75	0.0	0.25	1.0	NULL
449.0	1.0	2.0	1.0	mismatch
451.0	0.0	0.25	1.0	NULL
451.25	1.0	2.0	1.0	mismatch
453.25	0.0	0.25	1.0	NULL
453.5	1.0	2.0	1.0	mismatch
455.5	0.0	0.25	1.0	NULL
455.75	1.0	2.0	1.0	mismatch
457.75	0.0	0.25	1.0	NULL
458.0	1.0	2.0	1.0	mismatch
460.0	0.0	0.5	1.0	NULL
460.5	1.0	2.0	1.0	mismatch
462.5	0.0	0.25	1.0	NULL
462.75	2.0	2.0	1.0	match
464.75	0.0	1.5	1.0	NULL
466.25	2.0	2.0	1.0	match
478.25	0.0	1.0	1.0	NULL
479.25	1.0	2.0	1.0	mismatch
481.25	0.0	0.25	1.0	NULL
481.5	1.0	2.0	1.0	mismatch
483.5	0.0	0.5	1.0	NULL
484.0	1.0	2.0	1.0	mismatch
486.0	0.0	0.0	1.0	NULL
486.0	1.0	2.0	1.0	mismatch
488.0	0.0	0.5	1.0	NULL
488.5	2.0	2.0	1.0	match
490.5	0.0	0.75	1.0	NULL
491.25	1.0	2.0	1.0	mismatch
493.25	0.0	0.25	1.0	NULL
493.5	1.0	2.0	1.0	mismatch
495.5	0.0	0.25	1.0	NULL
495.75	1.0	2.0	1.0	mismatch
497.75	0.0	0.25	1.0	NULL
498.0	1.0	2.0	1.0	mismatch
500.0	0.0	0.25	1.0	NULL
500.25	1.0	2.0	1.0	mismatch
502.25	0.0	0.5	1.0	NULL
502.75	1.0	2.0	1.0	mismatch
504.75	0.0	0.25	1.0	NULL
505.0	2.0	2.0	1.0	match
507.0	0.0	3.0	1.0	NULL
510.0	1.0	2.0	1.0	mismatch
512.0	0.0	0.25	1.0	NULL
512.25	1.0	2.0	1.0	mismatch
514.25	0.0	0.0	1.0	NULL
514.25	1.0	2.0	1.0	mismatch
516.25	0.0	0.5	1.0	NULL
516.75	1.0	2.0	1.0	mismatch
518.75	0.0	0.25	1.0	NULL
519.0	1.0	2.0	1.0	mismatch
521.0	0.0	0.5	1.0	NULL
521.5	1.0	2.0	1.0	mismatch
523.5	0.0	0.0	1.0	NULL
523.5	1.0	2.0	1.0	mismatch
525.5	0.0	0.25	1.0	NULL
525.75	1.0	2.0	1.0	mismatch
527.75	0.0	0.25	1.0	NULL
528.0	1.0	2.0	1.0	mismatch
530.0	0.0	0.25	1.0	NULL
530.25	2.0	2.0	1.0	match
532.25	0.0	1.25	1.0	NULL
533.5	1.0	2.0	1.0	mismatch
535.5	0.0	0.25	1.0	NULL
535.75	1.0	2.0	1.0	mismatch
537.75	0.0	0.5	1.0	NULL
538.25	1.0	2.0	1.0	mismatch
540.25	0.0	0.5	1.0	NULL
540.75	1.0	2.0	1.0	mismatch
542.75	0.0	0.25	1.0	NULL
543.0	1.0	2.0	1.0	mismatch
545.0	0.0	0.25	1.0	NULL
545.25	1.0	2.0	1.0	mismatch
547.25	0.0	0.25	1.0	NULL
547.5	1.0	2.0	1.0	mismatch
549.5	0.0	0.75	1.0	NULL
550.25	1.0	2.0	1.0	mismatch
552.25	0.0	0.25	1.0	NULL
552.5	1.0	2.0	1.0	mismatch
554.5	0.0	0.75	1.0	NULL
555.25	2.0	2.0	1.0	match
557.25	0.0	1.0	1.0	NULL
558.25	1.0	2.0	1.0	mismatch
560.25	0.0	0.25	1.0	NULL
560.5	1.0	2.0	1.0	mismatch
562.5	0.0	0.5	1.0	NULL
563.0	1.0	2.0	1.0	mismatch
565.0	0.0	0.25	1.0	NULL
565.25	1.0	2.0	1.0	mismatch
567.25	0.0	0.25	1.0	NULL
567.5	1.0	2.0	1.0	mismatch
569.5	0.0	0.25	1.0	NULL
569.75	1.0	2.0	1.0	mismatch
571.75	0.0	0.0	1.0	NULL
571.75	1.0	2.0	1.0	mismatch
573.75	0.0	0.25	1.0	NULL
574.0	2.0	2.0	1.0	match
576.0	0.0	0.75	1.0	NULL
576.75	1.0	2.0	1.0	mismatch
578.75	0.0	0.5	1.0	NULL
579.25	2.0	2.0	1.0	match
581.25	0.0	1.25	1.0	NULL
582.5	1.0	2.0	1.0	mismatch
584.5	0.0	0.25	1.0	NULL
584.75	1.0	2.0	1.0	mismatch
586.75	0.0	0.25	1.0	NULL
587.0	2.0	2.0	1.0	match
589.0	0.0	1.25	1.0	NULL
590.25	2.0	2.0	1.0	match
592.25	0.0	1.25	1.0	NULL
593.5	2.0	2.0	1.0	match
595.5	0.0	2.0	1.0	NULL
597.5	1.0	2.0	1.0	mismatch
599.5	0.0	0.25	1.0	NULL
599.75	2.0	2.0	1.0	match
601.75	0.0	1.5	1.0	NULL
603.25	1.0	2.0	1.0	mismatch
605.25	0.0	0.25	1.0	NULL
605.5	1.0	2.0	1.0	mismatch
607.5	0.0	0.25	1.0	NULL
607.75	1.0	2.0	1.0	mismatch
609.75	0.0	0.25	1.0	NULL
610.0	1.0	2.0	1.0	mismatch
612.0	0.0	0.25	1.0	NULL
612.25	2.0	2.0	1.0	match
614.25	0.0	0.5	1.0	NULL
614.75	2.0	2.0	1.0	match
616.75	0.0	1.5	1.0	NULL
618.25	1.0	2.0	1.0	mismatch
620.25	0.0	0.25	1.0	NULL
620.5	1.0	2.0	1.0	mismatch
622.5	0.0	0.25	1.0	NULL
622.75	1.0	2.0	1.0	mismatch
624.75	0.0	0.25	1.0	NULL
625.0	1.0	2.0	1.0	mismatch
627.0	0.0	0.5	1.0	NULL
627.5	1.0	2.0	1.0	mismatch
