0.0
5.0
7.25
9.25
14.5
17.25
22.5
25.0
30.25
32.5
34.75
40.25
42.5
47.5
49.75
51.75
54.25
56.5
58.75
61.0
63.25
65.5
70.75
73.0
75.25
77.75
80.0
82.25
84.75
86.75
92.0
94.25
96.5
98.75
104.0
106.5
109.0
111.25
113.5
116.25
124.25
129.0
131.5
134.25
136.5
139.0
141.25
146.25
158.5
160.5
162.75
165.0
167.25
169.5
174.75
177.0
179.0
181.5
183.5
185.5
187.75
190.25
192.5
200.5
203.0
209.0
215.25
222.75
225.25
227.5
232.5
237.75
240.25
242.5
245.0
247.5
250.0
252.25
254.25
263.25
272.25
274.5
277.0
279.25
288.0
290.0
292.25
294.5
296.75
299.0
301.25
303.25
319.5
321.75
324.0
326.25
332.0
334.25
337.0
339.25
344.5
346.75
348.75
351.0
353.25
358.5
361.0
363.25
368.5
374.25
376.5
378.75
381.0
386.5
389.0
395.0
397.5
399.75
405.5
407.75
410.25
412.5
417.5
422.5
424.75
427.25
429.75
432.0
434.25
436.5
442.0
444.5
446.75
449.0
451.25
453.5
455.75
458.0
460.5
479.25
481.5
484.0
486.0
491.25
493.5
495.75
498.0
500.25
502.75
510.0
512.25
514.25
516.75
519.0
521.5
523.5
525.75
528.0
533.5
535.75
538.25
540.75
543.0
545.25
547.5
550.25
552.5
558.25
560.5
563.0
565.25
567.5
569.75
571.75
576.75
582.5
584.75
597.5
603.25
605.5
607.75
610.0
618.25
620.5
622.75
625.0
627.5
