0.0
4.25
9.25
21.25
23.5
25.75
28.0
30.25
37.25
41.75
53.0
64.75
80.25
82.5
87.0
91.5
98.5
117.25
124.5
126.75
129.5
132.0
134.25
139.5
150.0
153.0
163.75
185.75
190.75
194.0
196.25
203.0
205.25
209.75
229.0
231.25
235.75
237.75
245.5
253.75
267.0
269.25
274.0
282.0
290.0
293.0
295.25
307.75
310.5
319.75
327.0
331.75
334.25
337.0
345.25
356.75
374.5
376.75
379.25
383.75
386.0
403.25
410.25
419.75
422.0
432.25
444.25
447.25
449.75
454.25
456.75
473.0
477.75
480.0
484.5
489.25
500.75
508.0
512.75
530.0
537.25
542.0
544.25
