2.25
6.5
11.5
14.25
16.5
19.0
32.75
35.0
39.5
44.25
46.5
50.0
55.25
57.75
60.25
62.5
67.0
69.25
71.25
73.25
75.5
78.0
85.0
89.25
93.75
96.25
102.0
104.75
107.0
109.25
111.75
114.75
119.75
122.25
136.75
142.25
144.5
147.75
156.25
159.0
161.5
166.0
168.75
170.75
173.5
188.5
198.5
200.75
207.5
212.0
214.25
216.25
218.75
221.75
224.25
226.5
233.5
240.25
242.75
248.5
251.25
255.75
258.25
261.0
264.75
271.5
277.0
279.75
284.5
287.25
297.25
299.25
301.75
304.5
313.0
315.0
317.5
322.0
324.25
329.5
339.75
342.5
347.5
350.0
352.25
354.5
359.5
361.75
381.5
388.5
390.75
393.25
396.0
398.75
401.0
405.5
407.75
412.75
415.25
417.75
424.25
427.5
429.75
434.5
436.75
439.0
442.0
452.0
459.0
461.5
463.5
465.75
468.25
470.5
475.5
482.25
487.0
491.5
494.25
496.5
498.5
503.0
505.25
510.25
515.0
517.25
520.25
522.75
525.5
527.75
532.25
534.5
539.5
