15.490000000000002
45.576
53.47
89.662
142.23800000000003
157.13200000000003
172.02600000000004
201.51600000000005
217.90000000000006
383.5420000000001
391.1380000000001
420.9260000000001
436.4160000000001
451.0120000000001
465.9060000000001
473.2040000000001
481.0980000000001
534.2700000000001
548.8660000000001
556.1640000000001
585.0580000000001
592.6540000000001
600.2500000000001
614.8460000000001
652.8260000000001
660.4220000000001
675.0180000000001
689.9120000000001
737.2960000000002
760.9780000000002
819.9580000000002
850.3420000000002
865.2360000000002
893.8320000000002
915.4280000000002
952.8120000000002
982.6000000000003
1004.1960000000003
1019.3880000000001
1026.6860000000001
1033.9840000000002
1041.2820000000002
