0.0
30.384
67.768
104.55600000000001
111.85400000000001
149.53600000000003
164.43000000000004
186.92000000000004
248.28400000000008
255.88000000000005
343.7540000000001
368.6480000000001
398.4360000000001
443.7140000000001
511.4820000000001
541.2700000000001
607.5480000000001
637.0380000000001
644.3360000000001
667.7200000000001
746.3820000000002
768.2760000000002
805.0640000000002
812.3620000000002
835.4480000000002
857.6400000000002
930.3220000000002
937.9180000000002
968.0040000000002
996.8980000000003
1055.8780000000002
1071.0700000000002
1078.0700000000002
