2.298
4.894
9.49
16.682000000000002
20.980000000000004
80.21800000000003
82.81400000000004
85.11200000000004
100.68800000000005
111.96600000000004
114.26400000000004
123.45600000000005
128.05200000000005
136.64800000000005
139.24400000000006
167.11800000000008
173.71400000000008
175.71400000000008
180.01200000000009
190.9920000000001
207.16400000000013
212.05800000000013
214.65400000000014
216.95200000000014
218.95200000000014
223.33600000000013
227.93200000000013
251.50800000000015
263.89200000000017
266.19000000000017
275.3820000000002
289.1700000000002
292.0640000000002
328.0240000000002
334.91800000000023
337.21600000000024
339.51400000000024
341.81200000000024
344.11000000000024
351.30200000000025
356.19600000000025
358.49400000000026
368.28200000000027
374.0700000000003
381.2620000000003
395.6460000000003
410.5400000000003
420.4140000000003
429.60600000000034
432.50000000000034
434.50000000000034
436.79800000000034
446.28800000000035
450.88400000000036
453.18200000000036
455.77800000000036
470.97000000000037
479.6520000000004
481.6520000000004
497.2280000000004
502.1220000000004
504.7180000000004
507.0160000000004
509.3140000000004
530.8900000000004
535.7840000000004
540.0820000000004
545.2740000000005
554.7640000000005
558.2540000000005
560.5520000000005
562.5520000000005
569.4460000000005
580.6380000000005
585.5320000000005
587.5320000000005
592.1280000000005
601.0220000000005
605.6180000000005
607.9160000000005
624.8100000000005
635.1940000000005
637.4920000000005
651.8760000000005
656.4720000000005
662.8560000000006
667.4520000000006
670.3460000000006
685.3260000000006
690.2200000000006
692.5180000000006
708.6040000000006
713.2000000000006
727.5840000000006
729.8820000000006
732.1800000000006
734.7760000000006
742.8620000000006
754.9480000000007
757.8420000000007
