12.086
14.384
22.980000000000004
25.278000000000006
27.576000000000008
32.47000000000001
35.06600000000002
37.960000000000015
40.25800000000002
44.85400000000002
55.23800000000002
57.53600000000002
60.13200000000002
62.43000000000002
67.02600000000002
73.62200000000003
77.92000000000003
90.00600000000004
95.49600000000004
106.77400000000004
109.96600000000004
118.86000000000004
130.05200000000005
134.35000000000005
154.13800000000006
156.13800000000006
161.92600000000007
164.52200000000008
171.41600000000008
178.01200000000009
187.2040000000001
193.5880000000001
196.1840000000001
209.76000000000013
225.63400000000013
237.12400000000014
239.12400000000014
241.42200000000014
246.01800000000014
254.10400000000016
258.70000000000016
261.59400000000016
268.19000000000017
270.48800000000017
272.7860000000002
277.3820000000002
279.6800000000002
284.2760000000002
286.5740000000002
294.6600000000002
297.5540000000002
300.4480000000002
315.6400000000002
325.4280000000002
330.32200000000023
332.62000000000023
353.89800000000025
376.6660000000003
386.7520000000003
388.7520000000003
390.7520000000003
393.0500000000003
404.5400000000003
418.1160000000003
439.09600000000034
441.69200000000035
443.99000000000035
468.37400000000036
477.3540000000004
489.4400000000004
491.7380000000004
499.5260000000004
523.4000000000004
528.5920000000004
532.8900000000004
537.7840000000004
574.3400000000005
590.1280000000005
594.4260000000005
596.4260000000005
598.4260000000005
603.3200000000005
610.2140000000005
630.3000000000005
639.7900000000005
642.0880000000005
646.9820000000005
665.1540000000006
673.2400000000006
675.5380000000006
710.9020000000006
715.4980000000006
717.7960000000006
720.0940000000006
724.6900000000006
740.2660000000006
747.4580000000007
749.7560000000007
752.0540000000007
