0.0	0.0	0.0	1.0	NULL
0.0	3.0	7.0	1.0	go_con
6.999999999999999	0.0	0.298	1.0	NULL
7.297999999999999	2.0	7.0	1.0	go_neg
14.297999999999998	0.0	0.596	1.0	NULL
14.893999999999998	3.0	7.0	1.0	go_con
21.894	0.0	0.298	1.0	NULL
22.191999999999997	4.0	7.0	1.0	stop_pos
29.192	0.0	0.298	1.0	NULL
29.49	4.0	7.0	1.0	stop_pos
36.489999999999995	0.0	0.298	1.0	NULL
36.788	4.0	7.0	1.0	stop_pos
43.78800000000001	0.0	0.298	1.0	NULL
44.08600000000001	4.0	7.0	1.0	stop_pos
51.086	0.0	0.8939999999999999	1.0	NULL
51.98	6.0	7.0	1.0	stop_con
58.98000000000001	0.0	0.298	1.0	NULL
59.27800000000001	4.0	7.0	1.0	stop_pos
66.278	0.0	0.298	1.0	NULL
66.57600000000001	4.0	7.0	1.0	stop_pos
73.57600000000001	0.0	1.49	1.0	NULL
75.066	2.0	7.0	1.0	go_neg
82.066	0.0	0.0	1.0	NULL
82.066	1.0	7.0	1.0	go_pos
89.06599999999999	0.0	0.298	1.0	NULL
89.36399999999999	3.0	7.0	1.0	go_con
96.364	0.0	0.298	1.0	NULL
96.662	5.0	7.0	1.0	stop_neg
103.66199999999999	0.0	0.298	1.0	NULL
103.96	4.0	7.0	1.0	stop_pos
110.96	0.0	0.298	1.0	NULL
111.258	4.0	7.0	1.0	stop_pos
118.258	0.0	0.298	1.0	NULL
118.556	4.0	7.0	1.0	stop_pos
125.55600000000001	0.0	0.596	1.0	NULL
126.15200000000002	2.0	7.0	1.0	go_neg
133.15200000000002	0.0	0.298	1.0	NULL
133.45000000000002	1.0	7.0	1.0	go_pos
140.45000000000005	0.0	0.298	1.0	NULL
140.74800000000005	3.0	7.0	1.0	go_con
147.74800000000005	0.0	0.596	1.0	NULL
148.34400000000005	2.0	7.0	1.0	go_neg
155.34400000000002	0.0	0.298	1.0	NULL
155.64200000000002	4.0	7.0	1.0	stop_pos
162.64200000000002	0.0	0.298	1.0	NULL
162.94000000000003	4.0	7.0	1.0	stop_pos
169.94000000000003	0.0	0.298	1.0	NULL
170.23800000000003	1.0	7.0	1.0	go_pos
177.23800000000003	0.0	0.298	1.0	NULL
177.53600000000003	2.0	7.0	1.0	go_neg
184.53600000000003	0.0	0.298	1.0	NULL
184.83400000000003	4.0	7.0	1.0	stop_pos
191.83400000000003	0.0	0.298	1.0	NULL
192.13200000000003	4.0	7.0	1.0	stop_pos
199.13200000000003	0.0	0.0	1.0	NULL
199.13200000000003	4.0	7.0	1.0	stop_pos
206.13200000000003	0.0	0.596	1.0	NULL
206.72800000000004	2.0	7.0	1.0	go_neg
213.72800000000004	0.0	0.596	1.0	NULL
214.32400000000004	4.0	7.0	1.0	stop_pos
221.32400000000004	0.0	1.7879999999999998	1.0	NULL
223.11200000000005	5.0	7.0	1.0	stop_neg
230.11200000000002	0.0	0.298	1.0	NULL
230.41000000000003	2.0	7.0	1.0	go_neg
237.41000000000008	0.0	0.298	1.0	NULL
237.70800000000008	4.0	7.0	1.0	stop_pos
244.70800000000008	0.0	0.0	1.0	NULL
244.70800000000008	5.0	7.0	1.0	stop_neg
251.70800000000003	0.0	0.298	1.0	NULL
252.00600000000003	3.0	7.0	1.0	go_con
259.00600000000003	0.0	0.0	1.0	NULL
259.00600000000003	4.0	7.0	1.0	stop_pos
266.00600000000003	0.0	0.298	1.0	NULL
266.30400000000003	1.0	7.0	1.0	go_pos
273.30400000000003	0.0	0.596	1.0	NULL
273.90000000000003	4.0	7.0	1.0	stop_pos
280.90000000000003	0.0	0.298	1.0	NULL
281.19800000000004	4.0	7.0	1.0	stop_pos
288.1980000000001	0.0	0.596	1.0	NULL
288.7940000000001	4.0	7.0	1.0	stop_pos
295.7940000000001	0.0	1.192	1.0	NULL
296.9860000000001	1.0	7.0	1.0	go_pos
303.98600000000005	0.0	0.298	1.0	NULL
304.28400000000005	6.0	7.0	1.0	stop_con
311.28400000000005	0.0	0.8939999999999999	1.0	NULL
312.17800000000005	3.0	7.0	1.0	go_con
319.17800000000005	0.0	0.596	1.0	NULL
319.77400000000006	4.0	7.0	1.0	stop_pos
326.77400000000006	0.0	0.298	1.0	NULL
327.07200000000006	6.0	7.0	1.0	stop_con
334.07200000000006	0.0	0.298	1.0	NULL
334.37000000000006	5.0	7.0	1.0	stop_neg
341.37000000000006	0.0	0.298	1.0	NULL
341.66800000000006	2.0	7.0	1.0	go_neg
348.66800000000006	0.0	0.298	1.0	NULL
348.96600000000007	1.0	7.0	1.0	go_pos
365.96600000000007	0.0	0.298	1.0	NULL
366.26400000000007	2.0	7.0	1.0	go_neg
373.26400000000007	0.0	0.0	1.0	NULL
373.26400000000007	3.0	7.0	1.0	go_con
380.26400000000007	0.0	0.298	1.0	NULL
380.56200000000007	1.0	7.0	1.0	go_pos
387.56200000000007	0.0	0.298	1.0	NULL
387.86000000000007	1.0	7.0	1.0	go_pos
394.8600000000001	0.0	0.596	1.0	NULL
395.45600000000013	1.0	7.0	1.0	go_pos
402.45600000000013	0.0	0.8939999999999999	1.0	NULL
403.35000000000014	1.0	7.0	1.0	go_pos
410.35000000000014	0.0	0.298	1.0	NULL
410.64800000000014	3.0	7.0	1.0	go_con
417.64800000000014	0.0	0.298	1.0	NULL
417.94600000000014	5.0	7.0	1.0	stop_neg
424.94600000000014	0.0	0.298	1.0	NULL
425.24400000000014	3.0	7.0	1.0	go_con
432.24400000000014	0.0	0.298	1.0	NULL
432.54200000000014	3.0	7.0	1.0	go_con
439.54200000000014	0.0	0.298	1.0	NULL
439.84000000000015	6.0	7.0	1.0	stop_con
446.84000000000015	0.0	0.8939999999999999	1.0	NULL
447.73400000000015	4.0	7.0	1.0	stop_pos
454.73400000000015	0.0	0.298	1.0	NULL
455.03200000000015	1.0	7.0	1.0	go_pos
462.03200000000015	0.0	0.0	1.0	NULL
462.03200000000015	3.0	7.0	1.0	go_con
469.03200000000015	0.0	0.596	1.0	NULL
469.62800000000016	1.0	7.0	1.0	go_pos
476.62800000000016	0.0	0.596	1.0	NULL
477.22400000000016	1.0	7.0	1.0	go_pos
484.22400000000016	0.0	0.298	1.0	NULL
484.52200000000016	2.0	7.0	1.0	go_neg
491.52200000000016	0.0	0.596	1.0	NULL
492.11800000000017	2.0	7.0	1.0	go_neg
499.11800000000017	0.0	1.49	1.0	NULL
500.6080000000002	1.0	7.0	1.0	go_pos
507.60800000000006	0.0	0.298	1.0	NULL
507.90600000000006	1.0	7.0	1.0	go_pos
514.9060000000002	0.0	0.298	1.0	NULL
515.2040000000002	1.0	7.0	1.0	go_pos
522.2040000000002	0.0	0.298	1.0	NULL
522.5020000000002	6.0	7.0	1.0	stop_con
529.5020000000002	0.0	0.0	1.0	NULL
529.5020000000002	1.0	7.0	1.0	go_pos
536.5020000000002	0.0	0.298	1.0	NULL
536.8000000000002	1.0	7.0	1.0	go_pos
543.8000000000002	0.0	0.596	1.0	NULL
544.3960000000002	2.0	7.0	1.0	go_neg
551.3960000000002	0.0	1.192	1.0	NULL
552.5880000000002	3.0	7.0	1.0	go_con
559.5880000000002	0.0	1.7879999999999998	1.0	NULL
561.3760000000002	4.0	7.0	1.0	stop_pos
568.3760000000001	0.0	2.086	1.0	NULL
570.4620000000001	4.0	7.0	1.0	stop_pos
577.4620000000001	0.0	0.0	1.0	NULL
577.4620000000001	2.0	7.0	1.0	go_neg
584.4620000000001	0.0	0.0	1.0	NULL
584.4620000000001	1.0	7.0	1.0	go_pos
591.4620000000001	0.0	2.682	1.0	NULL
594.1440000000001	5.0	7.0	1.0	stop_neg
601.1440000000001	0.0	0.8939999999999999	1.0	NULL
602.0380000000001	6.0	7.0	1.0	stop_con
609.0380000000001	0.0	0.596	1.0	NULL
609.6340000000001	1.0	7.0	1.0	go_pos
616.6340000000001	0.0	0.0	1.0	NULL
616.6340000000001	1.0	7.0	1.0	go_pos
623.6340000000001	0.0	0.298	1.0	NULL
623.9320000000001	3.0	7.0	1.0	go_con
630.9320000000001	0.0	0.0	1.0	NULL
630.9320000000001	2.0	7.0	1.0	go_neg
637.9320000000001	0.0	0.596	1.0	NULL
638.5280000000001	3.0	7.0	1.0	go_con
645.5280000000001	0.0	0.596	1.0	NULL
646.1240000000001	2.0	7.0	1.0	go_neg
653.1240000000001	0.0	0.298	1.0	NULL
653.4220000000001	1.0	7.0	1.0	go_pos
660.4220000000001	0.0	0.596	1.0	NULL
661.0180000000001	1.0	7.0	1.0	go_pos
668.0180000000001	0.0	0.298	1.0	NULL
668.3160000000001	2.0	7.0	1.0	go_neg
675.3160000000001	0.0	0.298	1.0	NULL
675.6140000000001	4.0	7.0	1.0	stop_pos
682.6140000000001	0.0	0.298	1.0	NULL
682.9120000000001	1.0	7.0	1.0	go_pos
689.9120000000003	0.0	0.298	1.0	NULL
690.2100000000003	6.0	7.0	1.0	stop_con
697.2100000000003	0.0	0.298	1.0	NULL
697.5080000000003	1.0	7.0	1.0	go_pos
704.5080000000003	0.0	0.8939999999999999	1.0	NULL
705.4020000000003	5.0	7.0	1.0	stop_neg
712.4020000000003	0.0	0.596	1.0	NULL
712.9980000000003	5.0	7.0	1.0	stop_neg
719.9980000000003	0.0	0.298	1.0	NULL
720.2960000000003	2.0	7.0	1.0	go_neg
737.2960000000003	0.0	2.086	1.0	NULL
739.3820000000003	1.0	7.0	1.0	go_pos
746.3820000000003	0.0	0.596	1.0	NULL
746.9780000000003	5.0	7.0	1.0	stop_neg
753.9780000000003	0.0	0.298	1.0	NULL
754.2760000000003	1.0	7.0	1.0	go_pos
761.2760000000003	0.0	0.298	1.0	NULL
761.5740000000003	3.0	7.0	1.0	go_con
768.5740000000003	0.0	0.596	1.0	NULL
769.1700000000003	2.0	7.0	1.0	go_neg
776.1700000000003	0.0	0.298	1.0	NULL
776.4680000000003	3.0	7.0	1.0	go_con
783.4680000000003	0.0	0.298	1.0	NULL
783.7660000000003	1.0	7.0	1.0	go_pos
790.7660000000003	0.0	0.596	1.0	NULL
791.3620000000003	4.0	7.0	1.0	stop_pos
798.3620000000003	0.0	0.298	1.0	NULL
798.6600000000003	6.0	7.0	1.0	stop_con
805.6600000000003	0.0	0.596	1.0	NULL
806.2560000000003	3.0	7.0	1.0	go_con
813.2560000000003	0.0	0.298	1.0	NULL
813.5540000000003	3.0	7.0	1.0	go_con
820.5540000000003	0.0	0.298	1.0	NULL
820.8520000000003	1.0	7.0	1.0	go_pos
827.8520000000003	0.0	0.596	1.0	NULL
828.4480000000003	1.0	7.0	1.0	go_pos
835.4480000000003	0.0	0.596	1.0	NULL
836.0440000000003	1.0	7.0	1.0	go_pos
843.0440000000003	0.0	0.596	1.0	NULL
843.6400000000003	1.0	7.0	1.0	go_pos
850.6400000000003	0.0	0.596	1.0	NULL
851.2360000000003	5.0	7.0	1.0	stop_neg
858.2360000000003	0.0	0.298	1.0	NULL
858.5340000000003	1.0	7.0	1.0	go_pos
865.5340000000003	0.0	0.298	1.0	NULL
865.8320000000003	1.0	7.0	1.0	go_pos
872.8320000000003	0.0	0.596	1.0	NULL
873.4280000000003	6.0	7.0	1.0	stop_con
880.4280000000003	0.0	0.298	1.0	NULL
880.7260000000003	4.0	7.0	1.0	stop_pos
887.7260000000003	0.0	0.298	1.0	NULL
888.0240000000003	1.0	7.0	1.0	go_pos
895.0240000000003	0.0	1.49	1.0	NULL
896.5140000000004	1.0	7.0	1.0	go_pos
903.5140000000004	0.0	0.298	1.0	NULL
903.8120000000004	1.0	7.0	1.0	go_pos
910.8120000000004	0.0	0.298	1.0	NULL
911.1100000000004	1.0	7.0	1.0	go_pos
918.1100000000004	0.0	0.0	1.0	NULL
918.1100000000004	1.0	7.0	1.0	go_pos
925.1100000000004	0.0	0.298	1.0	NULL
925.4080000000004	3.0	7.0	1.0	go_con
932.4080000000004	0.0	0.596	1.0	NULL
933.0040000000004	2.0	7.0	1.0	go_neg
940.0040000000004	0.0	0.298	1.0	NULL
940.3020000000004	1.0	7.0	1.0	go_pos
947.3020000000002	0.0	0.298	1.0	NULL
947.6000000000003	3.0	7.0	1.0	go_con
954.6000000000003	0.0	0.298	1.0	NULL
954.8980000000003	1.0	7.0	1.0	go_pos
961.8980000000003	0.0	0.298	1.0	NULL
962.1960000000003	4.0	7.0	1.0	stop_pos
969.1960000000003	0.0	0.298	1.0	NULL
969.4940000000003	5.0	7.0	1.0	stop_neg
976.4940000000003	0.0	0.596	1.0	NULL
977.0900000000003	1.0	7.0	1.0	go_pos
984.0900000000003	0.0	0.8939999999999999	1.0	NULL
984.9840000000003	4.0	7.0	1.0	stop_pos
991.9840000000003	0.0	1.49	1.0	NULL
993.4740000000003	1.0	7.0	1.0	go_pos
1000.4740000000003	0.0	0.298	1.0	NULL
1000.7720000000003	6.0	7.0	1.0	stop_con
1007.7720000000003	0.0	0.298	1.0	NULL
1008.0700000000003	1.0	7.0	1.0	go_pos
1015.0700000000003	0.0	0.298	1.0	NULL
1015.3680000000003	3.0	7.0	1.0	go_con
1022.3680000000003	0.0	0.8939999999999999	1.0	NULL
1023.2620000000003	3.0	7.0	1.0	go_con
1030.2620000000004	0.0	0.0	1.0	NULL
1030.2620000000004	3.0	7.0	1.0	go_con
1037.2620000000004	0.0	0.0	1.0	NULL
1037.2620000000004	1.0	7.0	1.0	go_pos
1044.2620000000004	0.0	0.298	1.0	NULL
1044.5600000000004	1.0	7.0	1.0	go_pos
1051.5600000000004	0.0	1.192	1.0	NULL
1052.7520000000004	3.0	7.0	1.0	go_con
1059.7520000000004	0.0	1.49	1.0	NULL
1061.2420000000004	4.0	7.0	1.0	stop_pos
1068.2420000000004	0.0	0.298	1.0	NULL
1068.5400000000004	1.0	7.0	1.0	go_pos
1075.5400000000002	0.0	0.8939999999999999	1.0	NULL
1076.4340000000002	2.0	7.0	1.0	go_neg
1083.4340000000002	0.0	0.0	1.0	NULL
1083.4340000000002	4.0	7.0	1.0	stop_pos
1090.4340000000002	0.0	0.8939999999999999	1.0	NULL
1091.3280000000002	6.0	7.0	1.0	stop_con
