82.066
133.45000000000002
170.23800000000003
266.30400000000003
296.98600000000005
348.96600000000007
380.56200000000007
387.86000000000007
395.4560000000001
403.3500000000001
455.0320000000001
469.6280000000001
477.2240000000001
500.6080000000001
507.90600000000006
515.2040000000001
529.5020000000001
536.8000000000001
584.4620000000001
609.6340000000001
616.6340000000001
653.4220000000001
661.0180000000001
682.9120000000001
697.5080000000002
739.3820000000002
754.2760000000002
783.7660000000002
820.8520000000002
828.4480000000002
836.0440000000002
843.6400000000002
858.5340000000002
865.8320000000002
888.0240000000002
896.5140000000002
903.8120000000002
911.1100000000002
918.1100000000002
940.3020000000002
954.8980000000003
977.0900000000003
993.4740000000003
1008.0700000000003
1037.2620000000002
1044.5600000000002
1068.5400000000002
