0.0
2.25
4.5
6.75
9.0
11.75
17.5
19.75
22.0
24.25
26.5
28.75
31.5
33.75
39.25
41.5
44.25
47.0
49.5
51.75
54.0
56.25
58.25
60.5
63.25
68.75
71.0
73.25
76.0
78.5
81.25
83.25
85.75
91.25
93.5
101.75
104.0
109.5
112.25
114.75
117.25
119.75
122.25
127.75
133.5
135.75
138.0
140.25
142.5
144.75
147.0
149.25
151.5
167.5
170.0
172.75
175.5
177.75
180.5
182.75
188.0
190.25
192.5
194.75
197.0
199.25
201.5
203.75
206.0
208.75
214.5
217.25
219.5
221.75
227.25
229.75
231.75
234.0
236.25
238.75
241.25
243.5
246.0
248.5
252.5
254.5
258.75
261.0
266.25
268.75
271.0
274.0
276.0
280.5
284.75
287.0
292.5
297.0
299.25
304.0
306.5
315.0
317.25
331.5
334.5
339.25
343.75
348.0
350.25
352.5
355.25
360.75
363.0
366.25
374.25
376.25
379.0
381.5
387.5
393.75
396.0
398.25
400.75
406.75
409.5
411.75
414.25
416.5
418.75
421.0
423.25
431.0
433.5
435.75
438.75
441.0
445.5
455.25
457.75
460.75
463.0
465.25
467.5
469.75
472.75
479.75
482.0
484.25
487.0
503.5
508.0
513.0
517.25
521.75
524.0
526.25
528.5
531.0
533.25
535.75
538.5
544.25
547.75
550.75
555.75
558.0
560.75
564.0
566.5
568.75
573.0
575.25
578.0
581.75
584.0
590.0
592.25
594.75
602.25
604.5
606.5
608.75
613.5
619.0
621.25
624.5
626.75
630.25
632.75
642.75
645.0
647.0
650.25
652.75
655.0
