0.0	0.0	0.0	1.0	NULL
0.0	2.0	2.0	1.0	stop
2.0	0.0	0.25	1.0	NULL
2.25	1.0	2.0	1.0	go
4.25	0.0	0.0	1.0	NULL
4.25	2.0	2.0	1.0	stop
6.25	0.0	0.25	1.0	NULL
6.5	1.0	2.0	1.0	go
8.5	0.0	0.75	1.0	NULL
9.25	1.0	2.0	1.0	go
11.25	0.0	0.25	1.0	NULL
11.5	1.0	2.0	1.0	go
13.5	0.0	0.75	1.0	NULL
14.25	1.0	2.0	1.0	go
16.25	0.0	0.25	1.0	NULL
16.5	1.0	2.0	1.0	go
18.5	0.0	0.5	1.0	NULL
19.0	1.0	2.0	1.0	go
21.0	0.0	0.25	1.0	NULL
21.25	2.0	2.0	1.0	stop
23.25	0.0	0.25	1.0	NULL
23.5	2.0	2.0	1.0	stop
25.5	0.0	0.25	1.0	NULL
25.75	2.0	2.0	1.0	stop
27.75	0.0	0.25	1.0	NULL
28.0	2.0	2.0	1.0	stop
30.0	0.0	0.25	1.0	NULL
30.25	1.0	2.0	1.0	go
32.25	0.0	0.5	1.0	NULL
32.75	1.0	2.0	1.0	go
34.75	0.0	0.25	1.0	NULL
35.0	1.0	2.0	1.0	go
37.0	0.0	0.25	1.0	NULL
37.25	1.0	2.0	1.0	go
39.25	0.0	0.25	1.0	NULL
39.5	1.0	2.0	1.0	go
41.5	0.0	0.25	1.0	NULL
41.75	1.0	2.0	1.0	go
43.75	0.0	0.5	1.0	NULL
44.25	2.0	2.0	1.0	stop
46.25	0.0	0.25	1.0	NULL
46.5	1.0	2.0	1.0	go
48.5	0.0	1.5	1.0	NULL
50.0	1.0	2.0	1.0	go
52.0	0.0	1.0	1.0	NULL
53.0	1.0	2.0	1.0	go
55.0	0.0	0.25	1.0	NULL
55.25	1.0	2.0	1.0	go
57.25	0.0	0.5	1.0	NULL
57.75	1.0	2.0	1.0	go
59.75	0.0	0.5	1.0	NULL
60.25	1.0	2.0	1.0	go
62.25	0.0	0.25	1.0	NULL
62.5	2.0	2.0	1.0	stop
64.5	0.0	0.25	1.0	NULL
64.75	2.0	2.0	1.0	stop
66.75	0.0	0.25	1.0	NULL
67.0	1.0	2.0	1.0	go
69.0	0.0	0.25	1.0	NULL
69.25	1.0	2.0	1.0	go
71.25	0.0	0.0	1.0	NULL
71.25	2.0	2.0	1.0	stop
73.25	0.0	0.0	1.0	NULL
73.25	1.0	2.0	1.0	go
75.25	0.0	0.25	1.0	NULL
75.5	2.0	2.0	1.0	stop
77.5	0.0	0.5	1.0	NULL
78.0	1.0	2.0	1.0	go
80.0	0.0	0.25	1.0	NULL
80.25	2.0	2.0	1.0	stop
82.25	0.0	0.25	1.0	NULL
82.5	2.0	2.0	1.0	stop
84.5	0.0	0.5	1.0	NULL
85.0	1.0	2.0	1.0	go
87.0	0.0	0.0	1.0	NULL
87.0	2.0	2.0	1.0	stop
89.0	0.0	0.25	1.0	NULL
89.25	1.0	2.0	1.0	go
91.25	0.0	0.25	1.0	NULL
91.5	2.0	2.0	1.0	stop
93.5	0.0	0.25	1.0	NULL
93.75	1.0	2.0	1.0	go
95.75	0.0	0.5	1.0	NULL
96.25	2.0	2.0	1.0	stop
98.25	0.0	0.25	1.0	NULL
98.5	2.0	2.0	1.0	stop
100.5	0.0	1.5	1.0	NULL
102.0	1.0	2.0	1.0	go
104.0	0.0	0.75	1.0	NULL
104.75	1.0	2.0	1.0	go
106.75	0.0	0.25	1.0	NULL
107.0	1.0	2.0	1.0	go
109.0	0.0	0.25	1.0	NULL
109.25	1.0	2.0	1.0	go
111.25	0.0	0.5	1.0	NULL
111.75	1.0	2.0	1.0	go
113.75	0.0	1.0	1.0	NULL
114.75	1.0	2.0	1.0	go
116.75	0.0	0.5	1.0	NULL
117.25	2.0	2.0	1.0	stop
119.25	0.0	0.5	1.0	NULL
119.75	1.0	2.0	1.0	go
121.75	0.0	0.5	1.0	NULL
122.25	1.0	2.0	1.0	go
124.25	0.0	0.25	1.0	NULL
124.5	2.0	2.0	1.0	stop
126.5	0.0	0.25	1.0	NULL
126.75	2.0	2.0	1.0	stop
128.75	0.0	0.75	1.0	NULL
129.5	2.0	2.0	1.0	stop
131.5	0.0	0.5	1.0	NULL
132.0	2.0	2.0	1.0	stop
134.0	0.0	0.25	1.0	NULL
134.25	1.0	2.0	1.0	go
136.25	0.0	0.5	1.0	NULL
136.75	1.0	2.0	1.0	go
138.75	0.0	0.75	1.0	NULL
139.5	1.0	2.0	1.0	go
141.5	0.0	0.75	1.0	NULL
142.25	1.0	2.0	1.0	go
144.25	0.0	0.25	1.0	NULL
144.5	1.0	2.0	1.0	go
146.5	0.0	1.25	1.0	NULL
147.75	1.0	2.0	1.0	go
149.75	0.0	0.25	1.0	NULL
150.0	2.0	2.0	1.0	stop
152.0	0.0	1.0	1.0	NULL
153.0	2.0	2.0	1.0	stop
155.0	0.0	1.25	1.0	NULL
156.25	2.0	2.0	1.0	stop
158.25	0.0	0.75	1.0	NULL
159.0	1.0	2.0	1.0	go
161.0	0.0	0.5	1.0	NULL
161.5	1.0	2.0	1.0	go
163.5	0.0	0.25	1.0	NULL
163.75	2.0	2.0	1.0	stop
165.75	0.0	0.25	1.0	NULL
166.0	1.0	2.0	1.0	go
168.0	0.0	0.75	1.0	NULL
168.75	1.0	2.0	1.0	go
170.75	0.0	0.0	1.0	NULL
170.75	1.0	2.0	1.0	go
172.75	0.0	0.75	1.0	NULL
173.5	1.0	2.0	1.0	go
185.5	0.0	0.25	1.0	NULL
185.75	2.0	2.0	1.0	stop
187.75	0.0	0.75	1.0	NULL
188.5	1.0	2.0	1.0	go
190.5	0.0	0.25	1.0	NULL
190.75	2.0	2.0	1.0	stop
192.75	0.0	1.25	1.0	NULL
194.0	2.0	2.0	1.0	stop
196.0	0.0	0.25	1.0	NULL
196.25	2.0	2.0	1.0	stop
198.25	0.0	0.25	1.0	NULL
198.5	1.0	2.0	1.0	go
200.5	0.0	0.25	1.0	NULL
200.75	1.0	2.0	1.0	go
202.75	0.0	0.25	1.0	NULL
203.0	1.0	2.0	1.0	go
205.0	0.0	0.25	1.0	NULL
205.25	1.0	2.0	1.0	go
207.25	0.0	0.25	1.0	NULL
207.5	1.0	2.0	1.0	go
209.5	0.0	0.25	1.0	NULL
209.75	2.0	2.0	1.0	stop
211.75	0.0	0.25	1.0	NULL
212.0	2.0	2.0	1.0	stop
214.0	0.0	0.25	1.0	NULL
214.25	2.0	2.0	1.0	stop
216.25	0.0	0.0	1.0	NULL
216.25	2.0	2.0	1.0	stop
218.25	0.0	0.5	1.0	NULL
218.75	1.0	2.0	1.0	go
220.75	0.0	1.0	1.0	NULL
221.75	1.0	2.0	1.0	go
223.75	0.0	0.5	1.0	NULL
224.25	1.0	2.0	1.0	go
226.25	0.0	0.25	1.0	NULL
226.5	1.0	2.0	1.0	go
228.5	0.0	0.5	1.0	NULL
229.0	2.0	2.0	1.0	stop
231.0	0.0	0.25	1.0	NULL
231.25	2.0	2.0	1.0	stop
233.25	0.0	0.25	1.0	NULL
233.5	1.0	2.0	1.0	go
235.5	0.0	0.25	1.0	NULL
235.75	2.0	2.0	1.0	stop
237.75	0.0	0.0	1.0	NULL
237.75	2.0	2.0	1.0	stop
239.75	0.0	0.5	1.0	NULL
240.25	1.0	2.0	1.0	go
242.25	0.0	0.5	1.0	NULL
242.75	1.0	2.0	1.0	go
244.75	0.0	0.75	1.0	NULL
245.5	2.0	2.0	1.0	stop
247.5	0.0	1.0	1.0	NULL
248.5	1.0	2.0	1.0	go
250.5	0.0	0.75	1.0	NULL
251.25	1.0	2.0	1.0	go
253.25	0.0	0.5	1.0	NULL
253.75	2.0	2.0	1.0	stop
255.75	0.0	0.0	1.0	NULL
255.75	1.0	2.0	1.0	go
257.75	0.0	0.5	1.0	NULL
258.25	1.0	2.0	1.0	go
260.25	0.0	0.75	1.0	NULL
261.0	1.0	2.0	1.0	go
263.0	0.0	1.75	1.0	NULL
264.75	1.0	2.0	1.0	go
266.75	0.0	0.25	1.0	NULL
267.0	2.0	2.0	1.0	stop
269.0	0.0	0.25	1.0	NULL
269.25	2.0	2.0	1.0	stop
271.25	0.0	0.25	1.0	NULL
271.5	1.0	2.0	1.0	go
273.5	0.0	0.5	1.0	NULL
274.0	2.0	2.0	1.0	stop
276.0	0.0	1.0	1.0	NULL
277.0	1.0	2.0	1.0	go
279.0	0.0	0.75	1.0	NULL
279.75	1.0	2.0	1.0	go
281.75	0.0	0.25	1.0	NULL
282.0	2.0	2.0	1.0	stop
284.0	0.0	0.5	1.0	NULL
284.5	1.0	2.0	1.0	go
286.5	0.0	0.75	1.0	NULL
287.25	1.0	2.0	1.0	go
289.25	0.0	0.75	1.0	NULL
290.0	2.0	2.0	1.0	stop
292.0	0.0	1.0	1.0	NULL
293.0	2.0	2.0	1.0	stop
295.0	0.0	0.25	1.0	NULL
295.25	1.0	2.0	1.0	go
297.25	0.0	0.0	1.0	NULL
297.25	1.0	2.0	1.0	go
299.25	0.0	0.0	1.0	NULL
299.25	1.0	2.0	1.0	go
301.25	0.0	0.5	1.0	NULL
301.75	1.0	2.0	1.0	go
303.75	0.0	0.75	1.0	NULL
304.5	2.0	2.0	1.0	stop
306.5	0.0	1.25	1.0	NULL
307.75	2.0	2.0	1.0	stop
309.75	0.0	0.75	1.0	NULL
310.5	1.0	2.0	1.0	go
312.5	0.0	0.5	1.0	NULL
313.0	2.0	2.0	1.0	stop
315.0	0.0	0.0	1.0	NULL
315.0	1.0	2.0	1.0	go
317.0	0.0	0.5	1.0	NULL
317.5	1.0	2.0	1.0	go
319.5	0.0	0.25	1.0	NULL
319.75	1.0	2.0	1.0	go
321.75	0.0	0.25	1.0	NULL
322.0	1.0	2.0	1.0	go
324.0	0.0	0.25	1.0	NULL
324.25	1.0	2.0	1.0	go
326.25	0.0	0.75	1.0	NULL
327.0	1.0	2.0	1.0	go
329.0	0.0	0.5	1.0	NULL
329.5	2.0	2.0	1.0	stop
331.5	0.0	0.25	1.0	NULL
331.75	2.0	2.0	1.0	stop
333.75	0.0	0.5	1.0	NULL
334.25	2.0	2.0	1.0	stop
336.25	0.0	0.75	1.0	NULL
337.0	2.0	2.0	1.0	stop
339.0	0.0	0.75	1.0	NULL
339.75	1.0	2.0	1.0	go
341.75	0.0	0.75	1.0	NULL
342.5	1.0	2.0	1.0	go
344.5	0.0	0.75	1.0	NULL
345.25	2.0	2.0	1.0	stop
347.25	0.0	0.25	1.0	NULL
347.5	2.0	2.0	1.0	stop
349.5	0.0	0.5	1.0	NULL
350.0	2.0	2.0	1.0	stop
352.0	0.0	0.25	1.0	NULL
352.25	1.0	2.0	1.0	go
354.25	0.0	0.25	1.0	NULL
354.5	2.0	2.0	1.0	stop
356.5	0.0	0.25	1.0	NULL
356.75	2.0	2.0	1.0	stop
358.75	0.0	0.75	1.0	NULL
359.5	1.0	2.0	1.0	go
361.5	0.0	0.25	1.0	NULL
361.75	2.0	2.0	1.0	stop
373.75	0.0	0.75	1.0	NULL
374.5	1.0	2.0	1.0	go
376.5	0.0	0.25	1.0	NULL
376.75	2.0	2.0	1.0	stop
378.75	0.0	0.5	1.0	NULL
379.25	1.0	2.0	1.0	go
381.25	0.0	0.25	1.0	NULL
381.5	1.0	2.0	1.0	go
383.5	0.0	0.25	1.0	NULL
383.75	2.0	2.0	1.0	stop
385.75	0.0	0.25	1.0	NULL
386.0	1.0	2.0	1.0	go
388.0	0.0	0.5	1.0	NULL
388.5	1.0	2.0	1.0	go
390.5	0.0	0.25	1.0	NULL
390.75	1.0	2.0	1.0	go
392.75	0.0	0.5	1.0	NULL
393.25	2.0	2.0	1.0	stop
395.25	0.0	0.75	1.0	NULL
396.0	1.0	2.0	1.0	go
398.0	0.0	0.75	1.0	NULL
398.75	2.0	2.0	1.0	stop
400.75	0.0	0.25	1.0	NULL
401.0	1.0	2.0	1.0	go
403.0	0.0	0.25	1.0	NULL
403.25	2.0	2.0	1.0	stop
405.25	0.0	0.25	1.0	NULL
405.5	1.0	2.0	1.0	go
407.5	0.0	0.25	1.0	NULL
407.75	1.0	2.0	1.0	go
409.75	0.0	0.5	1.0	NULL
410.25	2.0	2.0	1.0	stop
412.25	0.0	0.5	1.0	NULL
412.75	2.0	2.0	1.0	stop
414.75	0.0	0.5	1.0	NULL
415.25	1.0	2.0	1.0	go
417.25	0.0	0.5	1.0	NULL
417.75	1.0	2.0	1.0	go
419.75	0.0	0.0	1.0	NULL
419.75	1.0	2.0	1.0	go
421.75	0.0	0.25	1.0	NULL
422.0	2.0	2.0	1.0	stop
424.0	0.0	0.25	1.0	NULL
424.25	1.0	2.0	1.0	go
426.25	0.0	1.25	1.0	NULL
427.5	1.0	2.0	1.0	go
429.5	0.0	0.25	1.0	NULL
429.75	2.0	2.0	1.0	stop
431.75	0.0	0.5	1.0	NULL
432.25	1.0	2.0	1.0	go
434.25	0.0	0.25	1.0	NULL
434.5	1.0	2.0	1.0	go
436.5	0.0	0.25	1.0	NULL
436.75	1.0	2.0	1.0	go
438.75	0.0	0.25	1.0	NULL
439.0	1.0	2.0	1.0	go
441.0	0.0	1.0	1.0	NULL
442.0	1.0	2.0	1.0	go
444.0	0.0	0.25	1.0	NULL
444.25	1.0	2.0	1.0	go
446.25	0.0	1.0	1.0	NULL
447.25	2.0	2.0	1.0	stop
449.25	0.0	0.5	1.0	NULL
449.75	1.0	2.0	1.0	go
451.75	0.0	0.25	1.0	NULL
452.0	2.0	2.0	1.0	stop
454.0	0.0	0.25	1.0	NULL
454.25	1.0	2.0	1.0	go
456.25	0.0	0.5	1.0	NULL
456.75	2.0	2.0	1.0	stop
458.75	0.0	0.25	1.0	NULL
459.0	2.0	2.0	1.0	stop
461.0	0.0	0.5	1.0	NULL
461.5	2.0	2.0	1.0	stop
463.5	0.0	0.0	1.0	NULL
463.5	1.0	2.0	1.0	go
465.5	0.0	0.25	1.0	NULL
465.75	1.0	2.0	1.0	go
467.75	0.0	0.5	1.0	NULL
468.25	1.0	2.0	1.0	go
470.25	0.0	0.25	1.0	NULL
470.5	1.0	2.0	1.0	go
472.5	0.0	0.5	1.0	NULL
473.0	2.0	2.0	1.0	stop
475.0	0.0	0.5	1.0	NULL
475.5	1.0	2.0	1.0	go
477.5	0.0	0.25	1.0	NULL
477.75	2.0	2.0	1.0	stop
479.75	0.0	0.25	1.0	NULL
480.0	1.0	2.0	1.0	go
482.0	0.0	0.25	1.0	NULL
482.25	1.0	2.0	1.0	go
484.25	0.0	0.25	1.0	NULL
484.5	2.0	2.0	1.0	stop
486.5	0.0	0.5	1.0	NULL
487.0	1.0	2.0	1.0	go
489.0	0.0	0.25	1.0	NULL
489.25	1.0	2.0	1.0	go
491.25	0.0	0.25	1.0	NULL
491.5	1.0	2.0	1.0	go
493.5	0.0	0.75	1.0	NULL
494.25	1.0	2.0	1.0	go
496.25	0.0	0.25	1.0	NULL
496.5	1.0	2.0	1.0	go
498.5	0.0	0.0	1.0	NULL
498.5	2.0	2.0	1.0	stop
500.5	0.0	0.25	1.0	NULL
500.75	1.0	2.0	1.0	go
502.75	0.0	0.25	1.0	NULL
503.0	1.0	2.0	1.0	go
505.0	0.0	0.25	1.0	NULL
505.25	1.0	2.0	1.0	go
507.25	0.0	0.75	1.0	NULL
508.0	2.0	2.0	1.0	stop
510.0	0.0	0.25	1.0	NULL
510.25	1.0	2.0	1.0	go
512.25	0.0	0.5	1.0	NULL
512.75	1.0	2.0	1.0	go
514.75	0.0	0.25	1.0	NULL
515.0	1.0	2.0	1.0	go
517.0	0.0	0.25	1.0	NULL
517.25	1.0	2.0	1.0	go
519.25	0.0	1.0	1.0	NULL
520.25	1.0	2.0	1.0	go
522.25	0.0	0.5	1.0	NULL
522.75	2.0	2.0	1.0	stop
524.75	0.0	0.75	1.0	NULL
525.5	1.0	2.0	1.0	go
527.5	0.0	0.25	1.0	NULL
527.75	2.0	2.0	1.0	stop
529.75	0.0	0.25	1.0	NULL
530.0	2.0	2.0	1.0	stop
532.0	0.0	0.25	1.0	NULL
532.25	1.0	2.0	1.0	go
534.25	0.0	0.25	1.0	NULL
534.5	1.0	2.0	1.0	go
536.5	0.0	0.75	1.0	NULL
537.25	1.0	2.0	1.0	go
539.25	0.0	0.25	1.0	NULL
539.5	1.0	2.0	1.0	go
541.5	0.0	0.5	1.0	NULL
542.0	1.0	2.0	1.0	go
544.0	0.0	0.25	1.0	NULL
544.25	1.0	2.0	1.0	go
