2.25
6.5
9.25
11.5
14.25
16.5
19.0
30.25
32.75
35.0
37.25
39.5
41.75
46.5
50.0
53.0
55.25
57.75
60.25
67.0
69.25
73.25
78.0
85.0
89.25
93.75
102.0
104.75
107.0
109.25
111.75
114.75
119.75
122.25
134.25
136.75
139.5
142.25
144.5
147.75
159.0
161.5
166.0
168.75
170.75
173.5
188.5
198.5
200.75
203.0
205.25
207.5
218.75
221.75
224.25
226.5
233.5
240.25
242.75
248.5
251.25
255.75
258.25
261.0
264.75
271.5
277.0
279.75
284.5
287.25
295.25
297.25
299.25
301.75
310.5
315.0
317.5
319.75
322.0
324.25
327.0
339.75
342.5
352.25
359.5
374.5
379.25
381.5
386.0
388.5
390.75
396.0
401.0
405.5
407.75
415.25
417.75
419.75
424.25
427.5
432.25
434.5
436.75
439.0
442.0
444.25
449.75
454.25
463.5
465.75
468.25
470.5
475.5
480.0
482.25
487.0
489.25
491.5
494.25
496.5
500.75
503.0
505.25
510.25
512.75
515.0
517.25
520.25
525.5
532.25
534.5
537.25
539.5
542.0
544.25
