0.0
4.25
21.25
23.5
25.75
28.0
44.25
62.5
64.75
71.25
75.5
80.25
82.5
87.0
91.5
96.25
98.5
117.25
124.5
126.75
129.5
132.0
150.0
153.0
156.25
163.75
185.75
190.75
194.0
196.25
209.75
212.0
214.25
216.25
229.0
231.25
235.75
237.75
245.5
253.75
267.0
269.25
274.0
282.0
290.0
293.0
304.5
307.75
313.0
329.5
331.75
334.25
337.0
345.25
347.5
350.0
354.5
356.75
361.75
376.75
383.75
393.25
398.75
403.25
410.25
412.75
422.0
429.75
447.25
452.0
456.75
459.0
461.5
473.0
477.75
484.5
498.5
508.0
522.75
527.75
530.0
