0.0
2.75
8.25
10.5
12.75
15.0
17.25
19.5
25.25
27.75
33.5
36.0
42.0
44.25
49.75
52.0
54.5
56.75
59.0
61.5
63.75
73.0
75.25
77.5
80.25
82.5
84.75
87.0
89.25
94.75
97.0
99.75
102.0
104.25
116.5
119.0
121.25
123.75
126.75
129.0
133.5
135.75
139.25
142.0
144.5
146.75
154.25
156.75
159.0
161.25
163.5
166.5
170.75
173.25
175.75
178.0
180.25
182.5
184.75
187.75
190.25
193.25
195.5
199.75
203.25
208.25
210.5
212.75
217.75
230.5
232.75
235.0
237.0
239.5
242.25
244.5
249.0
251.25
258.25
261.25
263.5
265.75
268.25
270.5
272.5
274.75
278.0
280.25
285.0
287.5
293.25
297.75
300.25
306.25
308.5
311.0
314.0
321.5
323.5
325.75
328.0
330.0
332.25
345.0
347.5
353.75
357.0
359.25
361.5
363.75
365.75
368.0
370.5
372.5
374.75
377.75
382.0
384.25
387.0
389.75
392.75
395.25
397.5
399.75
402.75
405.5
408.0
413.25
417.75
421.25
424.25
426.75
429.5
432.0
434.25
436.25
439.5
445.5
448.25
450.5
462.75
465.0
469.5
472.75
475.0
482.5
485.25
487.5
490.0
492.25
499.0
503.75
506.75
509.0
512.0
514.25
518.75
521.0
523.25
529.0
531.25
533.5
535.75
538.0
543.0
546.0
549.0
551.25
553.5
555.75
558.0
560.25
562.5
