2.298
8.086
17.278
48.94000000000001
63.920000000000016
66.21800000000002
74.30400000000003
79.79400000000004
89.58200000000005
98.17800000000005
105.96600000000007
133.0320000000001
139.6280000000001
144.2240000000001
168.90600000000012
175.80000000000013
178.09800000000013
180.39600000000013
216.05800000000016
242.6140000000002
249.8060000000002
254.1040000000002
286.66000000000025
301.64000000000027
320.6200000000003
323.2160000000003
325.5140000000003
352.5800000000003
359.17600000000033
365.77200000000033
370.66600000000034
375.56000000000034
393.13600000000037
409.5200000000004
411.8180000000004
431.1820000000004
433.7780000000004
444.16200000000043
446.75800000000044
459.95000000000044
477.73800000000045
492.42000000000047
496.7180000000005
501.3140000000005
503.6120000000005
509.1020000000005
511.40000000000043
516.5920000000004
525.8700000000005
556.4260000000005
559.0220000000005
564.8100000000005
567.1080000000005
580.8960000000005
586.0880000000005
591.2800000000005
596.1740000000005
600.7700000000006
610.2600000000006
615.7500000000006
621.2400000000006
668.7760000000006
679.1600000000007
682.3520000000007
684.9480000000007
700.5240000000007
718.3980000000007
730.7820000000007
735.6760000000007
738.2720000000007
766.4440000000008
771.6360000000008
777.1260000000008
779.4240000000008
784.3180000000008
