10.384
38.854000000000006
41.45
58.13200000000001
60.430000000000014
77.49600000000004
86.98600000000005
103.37000000000006
127.84000000000009
165.4160000000001
171.20400000000012
187.88600000000014
194.48200000000014
202.27000000000015
206.56800000000015
208.86600000000016
211.76000000000016
213.76000000000016
218.35600000000017
225.03800000000018
234.8260000000002
244.9120000000002
267.38200000000023
284.66000000000025
290.95800000000025
295.55400000000026
327.8120000000003
339.6000000000003
361.47400000000033
368.07000000000033
372.96400000000034
388.24200000000036
395.43400000000037
400.03000000000037
428.8840000000004
453.35400000000044
521.2740000000005
533.0620000000005
542.2540000000005
546.8500000000005
554.1280000000005
572.0020000000005
605.6640000000006
673.3720000000006
686.9480000000007
710.3120000000007
712.6100000000007
725.2920000000007
740.5700000000007
745.7620000000007
752.6560000000007
754.6560000000007
