0.0
14.98
24.768
31.066000000000003
35.662000000000006
69.11200000000002
84.68800000000005
91.58200000000005
93.88000000000005
95.88000000000005
122.64800000000008
135.3300000000001
137.6280000000001
141.9260000000001
156.5220000000001
173.50200000000012
189.88600000000014
227.33600000000018
229.63400000000019
256.4020000000002
258.7000000000002
276.87200000000024
279.76600000000025
293.25600000000026
313.9380000000003
332.4080000000003
347.0900000000003
357.17600000000033
377.85800000000035
386.24200000000036
390.83800000000036
404.9240000000004
406.9240000000004
420.7980000000004
426.8840000000004
438.6720000000004
441.2680000000004
448.75800000000044
472.24800000000045
474.54600000000045
490.12200000000047
506.5060000000005
523.5720000000005
535.3600000000005
537.6580000000005
539.9560000000005
598.4720000000005
608.2600000000006
612.5580000000006
641.6240000000006
654.9020000000006
657.7960000000006
691.5440000000007
702.5240000000007
714.9080000000007
757.2520000000007
781.7220000000008
