0.0
2.25
9.25
11.5
13.75
16.75
23.25
27.75
32.5
47.25
54.5
57.0
59.5
61.75
64.5
66.75
72.5
75.75
81.0
83.25
85.5
92.5
95.0
97.25
103.5
105.75
108.0
110.25
113.0
115.5
118.0
127.25
129.5
132.25
134.5
137.25
139.75
142.5
147.0
149.75
152.0
154.5
157.0
159.25
161.5
168.5
170.75
173.25
185.5
187.75
190.25
192.25
200.25
202.5
205.0
207.5
212.0
214.25
216.75
218.75
221.25
223.75
232.75
235.0
239.5
241.75
246.25
254.5
270.0
272.25
274.5
276.75
283.75
288.75
293.75
296.25
298.5
303.0
305.25
307.5
312.0
316.75
319.0
321.0
327.0
329.75
332.25
334.5
336.75
339.25
345.75
348.0
350.25
352.5
367.0
376.25
378.5
380.75
388.25
397.5
404.25
406.5
408.75
416.0
427.0
434.5
437.75
440.0
450.0
452.75
455.25
457.5
476.25
478.5
481.5
483.5
485.75
494.75
497.0
499.5
504.75
507.5
509.75
519.75
536.25
