4.75
7.0
19.0
21.0
25.5
30.0
35.0
37.5
39.75
42.0
44.5
49.5
51.5
70.0
78.25
88.0
90.25
100.5
120.25
122.5
124.75
144.75
164.0
166.25
194.5
196.75
209.5
225.75
228.25
230.5
237.25
244.0
248.25
250.5
256.75
259.0
261.0
263.5
265.75
268.0
279.0
281.25
286.5
291.25
300.75
309.75
314.5
323.75
341.5
343.75
364.75
369.25
371.5
373.75
383.0
386.0
390.75
393.0
395.5
399.75
402.0
411.0
413.25
418.25
420.5
422.75
425.0
429.25
431.5
442.25
444.5
447.0
460.25
462.5
464.75
467.5
469.75
472.0
488.0
490.25
492.5
502.5
512.0
514.5
516.5
522.25
524.5
526.75
529.0
532.0
534.0
