14.893999999999998
87.57600000000001
109.17200000000001
288.19800000000004
320.39000000000004
342.28400000000005
349.88000000000005
357.77400000000006
386.96600000000007
417.6480000000001
425.8400000000001
449.5220000000001
456.8200000000001
464.4160000000001
471.7140000000001
479.0120000000001
516.3960000000001
559.2900000000001
573.5880000000001
634.3760000000001
648.9720000000001
700.0580000000001
707.3560000000001
752.9320000000001
789.7200000000001
804.9120000000001
812.2100000000002
856.8920000000002
887.2760000000002
902.1700000000002
