2.25
9.5
11.75
18.5
27.5
29.75
32.0
34.75
37.0
40.75
43.0
47.5
49.75
67.5
69.75
72.25
75.5
77.75
80.0
82.75
88.0
92.75
95.0
97.0
105.0
107.25
113.0
115.25
120.0
123.25
126.0
130.5
133.0
139.0
147.0
163.0
167.75
176.75
178.75
181.25
183.5
190.25
192.5
194.75
197.0
202.25
204.5
209.0
211.25
213.75
218.5
220.75
222.75
224.75
230.0
235.0
239.5
241.75
244.0
253.25
255.75
258.0
262.5
264.75
269.25
272.5
275.5
278.0
280.25
282.75
285.5
288.0
315.25
320.0
322.5
324.75
327.0
329.5
335.0
343.5
346.25
348.5
350.75
353.0
355.5
358.25
360.5
365.5
369.75
372.25
375.0
377.0
379.75
382.0
384.25
386.5
389.0
393.75
401.0
406.25
415.0
420.5
425.75
428.0
430.75
438.0
442.75
445.75
448.0
451.25
456.25
459.0
461.25
473.75
478.25
480.75
485.25
487.5
491.75
493.75
496.0
498.0
500.25
505.25
507.5
509.75
512.0
514.25
516.5
519.0
521.25
523.5
528.25
530.5
532.75
537.25
539.75
542.0
544.5
546.75
551.75
556.75
559.25
563.75
566.25
571.25
573.25
577.5
579.75
588.0
590.25
592.5
594.75
597.5
602.5
604.75
607.0
609.0
611.5
