0.0
5.25
7.5
14.0
16.25
20.75
23.0
25.25
45.25
52.25
55.0
58.25
61.75
65.0
84.75
90.25
99.5
102.25
110.0
117.5
128.25
135.5
141.25
144.0
150.0
165.25
170.0
172.25
174.5
185.75
188.0
199.5
206.75
216.0
227.0
232.5
237.25
246.25
248.75
251.0
260.25
267.0
290.5
293.0
295.25
297.5
299.75
302.25
317.5
332.25
337.0
339.25
341.25
363.25
367.5
391.5
396.0
398.25
403.75
410.0
412.5
418.0
423.5
433.25
435.75
440.25
454.25
476.25
483.0
489.75
502.75
526.0
535.0
549.0
554.25
561.5
568.25
575.25
582.25
585.5
600.0
